(kicad_pcb (version 20171130) (host pcbnew 5.1.6)

  (general
    (thickness 1.6)
    (drawings 12)
    (tracks 180)
    (zones 0)
    (modules 16)
    (nets 8)
  )

  (page A4)
  (layers
    (0 F.Cu signal)
    (31 B.Cu signal)
    (32 B.Adhes user)
    (33 F.Adhes user)
    (34 B.Paste user)
    (35 F.Paste user)
    (36 B.SilkS user)
    (37 F.SilkS user)
    (38 B.Mask user)
    (39 F.Mask user)
    (40 Dwgs.User user)
    (41 Cmts.User user)
    (42 Eco1.User user)
    (43 Eco2.User user)
    (44 Edge.Cuts user)
    (45 Margin user)
    (46 B.CrtYd user)
    (47 F.CrtYd user)
    (48 B.Fab user)
    (49 F.Fab user)
  )

  (setup
    (last_trace_width 0.75)
    (user_trace_width 0.75)
    (trace_clearance 0.2)
    (zone_clearance 0.508)
    (zone_45_only no)
    (trace_min 0.2)
    (via_size 0.8)
    (via_drill 0.4)
    (via_min_size 0.4)
    (via_min_drill 0.3)
    (uvia_size 0.3)
    (uvia_drill 0.1)
    (uvias_allowed no)
    (uvia_min_size 0.2)
    (uvia_min_drill 0.1)
    (edge_width 0.05)
    (segment_width 0.2)
    (pcb_text_width 0.3)
    (pcb_text_size 1.5 1.5)
    (mod_edge_width 0.12)
    (mod_text_size 1 1)
    (mod_text_width 0.15)
    (pad_size 2 2)
    (pad_drill 1)
    (pad_to_mask_clearance 0.05)
    (aux_axis_origin 0 0)
    (visible_elements FFFFFF7F)
    (pcbplotparams
      (layerselection 0x010fc_ffffffff)
      (usegerberextensions false)
      (usegerberattributes true)
      (usegerberadvancedattributes true)
      (creategerberjobfile true)
      (excludeedgelayer true)
      (linewidth 0.100000)
      (plotframeref false)
      (viasonmask false)
      (mode 1)
      (useauxorigin false)
      (hpglpennumber 1)
      (hpglpenspeed 20)
      (hpglpendiameter 15.000000)
      (psnegative false)
      (psa4output false)
      (plotreference true)
      (plotvalue true)
      (plotinvisibletext false)
      (padsonsilk false)
      (subtractmaskfromsilk false)
      (outputformat 1)
      (mirror false)
      (drillshape 1)
      (scaleselection 1)
      (outputdirectory ""))
  )

  (net 0 "")
  (net 1 GND)
  (net 2 SCK)
  (net 3 MISO)
  (net 4 MOSI)
  (net 5 NSS)
  (net 6 DIO0)
  (net 7 RESET)

  (net_class Default "This is the default net class."
    (clearance 0.2)
    (trace_width 0.25)
    (via_dia 0.8)
    (via_drill 0.4)
    (uvia_dia 0.3)
    (uvia_drill 0.1)
    (add_net DIO0)
    (add_net GND)
    (add_net MISO)
    (add_net MOSI)
    (add_net NSS)
    (add_net RESET)
    (add_net SCK)
  )

  (module Custom_Footprints:SX1276_Custom (layer F.Cu) (tedit 5FAAD6CC) (tstamp 5FB42D32)
    (at 125.65458 135.87838)
    (path /5FA6FB65)
    (fp_text reference U1 (at 0 0.5) (layer F.SilkS)
      (effects (font (size 1 1) (thickness 0.15)))
    )
    (fp_text value SX1276Custom (at -2.142 -6.6) (layer F.Fab)
      (effects (font (size 1 1) (thickness 0.15)))
    )
    (pad 15 smd oval (at -17.05 16.51) (size 1.524 0.8) (layers F.Cu F.Paste F.Mask))
    (pad 14 smd oval (at -17.05 17.89) (size 1.524 0.8) (layers F.Cu F.Paste F.Mask)
      (net 1 GND))
    (pad 13 smd oval (at 0 17.78) (size 1.524 0.8) (layers F.Cu F.Paste F.Mask)
      (net 7 RESET))
    (pad 8 smd oval (at 0 11.43) (size 1.524 0.8) (layers F.Cu F.Paste F.Mask))
    (pad 9 smd oval (at 0 12.7) (size 1.524 0.8) (layers F.Cu F.Paste F.Mask))
    (pad 7 smd oval (at 0 10.16) (size 1.524 0.8) (layers F.Cu F.Paste F.Mask))
    (pad 11 smd oval (at 0 15.24) (size 1.524 0.8) (layers F.Cu F.Paste F.Mask))
    (pad 12 smd oval (at 0 16.51) (size 1.524 0.8) (layers F.Cu F.Paste F.Mask)
      (net 6 DIO0))
    (pad 10 smd oval (at 0 13.97) (size 1.524 0.8) (layers F.Cu F.Paste F.Mask))
    (pad 5 smd oval (at 0 7.62) (size 1.524 0.8) (layers F.Cu F.Paste F.Mask)
      (net 3 MISO))
    (pad 6 smd oval (at 0 8.89) (size 1.524 0.8) (layers F.Cu F.Paste F.Mask)
      (net 2 SCK))
    (pad 4 smd oval (at 0 6.35) (size 1.524 0.8) (layers F.Cu F.Paste F.Mask)
      (net 4 MOSI))
    (pad 3 smd oval (at 0 5.08) (size 1.524 0.8) (layers F.Cu F.Paste F.Mask)
      (net 5 NSS))
    (pad 2 smd oval (at 0 3.81) (size 1.524 0.8) (layers F.Cu F.Paste F.Mask))
    (pad 1 smd oval (at 0 2.54) (size 1.524 0.8) (layers F.Cu F.Paste F.Mask)
      (net 1 GND))
  )

  (module Connector_PinHeader_2.54mm:PinHeader_1x07_P2.54mm_Vertical (layer F.Cu) (tedit 5FB2A83A) (tstamp 5FB42D01)
    (at 73.013581 153.40838 180)
    (descr "Through hole straight pin header, 1x07, 2.54mm pitch, single row")
    (tags "Through hole pin header THT 1x07 2.54mm single row")
    (path /5FADE5ED)
    (fp_text reference J1 (at 0 -2.33) (layer F.SilkS)
      (effects (font (size 1 1) (thickness 0.15)))
    )
    (fp_text value Conn_01x07 (at -8.334999 24.13) (layer F.Fab)
      (effects (font (size 1 1) (thickness 0.15)))
    )
    (fp_text user %R (at 0 7.62 90) (layer F.Fab)
      (effects (font (size 1 1) (thickness 0.15)))
    )
    (fp_line (start -0.635 -1.27) (end 1.27 -1.27) (layer F.Fab) (width 0.1))
    (fp_line (start 1.27 -1.27) (end 1.27 16.51) (layer F.Fab) (width 0.1))
    (fp_line (start 1.27 16.51) (end -1.27 16.51) (layer F.Fab) (width 0.1))
    (fp_line (start -1.27 16.51) (end -1.27 -0.635) (layer F.Fab) (width 0.1))
    (fp_line (start -1.27 -0.635) (end -0.635 -1.27) (layer F.Fab) (width 0.1))
    (fp_line (start -1.33 16.57) (end 1.33 16.57) (layer F.SilkS) (width 0.12))
    (fp_line (start -1.33 1.27) (end -1.33 16.57) (layer F.SilkS) (width 0.12))
    (fp_line (start 1.33 1.27) (end 1.33 16.57) (layer F.SilkS) (width 0.12))
    (fp_line (start -1.33 1.27) (end 1.33 1.27) (layer F.SilkS) (width 0.12))
    (fp_line (start -1.33 0) (end -1.33 -1.33) (layer F.SilkS) (width 0.12))
    (fp_line (start -1.33 -1.33) (end 0 -1.33) (layer F.SilkS) (width 0.12))
    (fp_line (start -1.8 -1.8) (end -1.8 17.05) (layer F.CrtYd) (width 0.05))
    (fp_line (start -1.8 17.05) (end 1.8 17.05) (layer F.CrtYd) (width 0.05))
    (fp_line (start 1.8 17.05) (end 1.8 -1.8) (layer F.CrtYd) (width 0.05))
    (fp_line (start 1.8 -1.8) (end -1.8 -1.8) (layer F.CrtYd) (width 0.05))
    (pad 1 thru_hole rect (at 0 0 180) (size 2 2) (drill 1) (layers *.Cu *.Mask)
      (net 1 GND))
    (pad 2 thru_hole oval (at 0 2.54 180) (size 3 2) (drill 1.3) (layers *.Cu *.Mask)
      (net 2 SCK))
    (pad 3 thru_hole oval (at 0 5.08 180) (size 3 2) (drill 1.3) (layers *.Cu *.Mask)
      (net 3 MISO))
    (pad 4 thru_hole oval (at 0 7.62 180) (size 3 2) (drill 1.3) (layers *.Cu *.Mask)
      (net 4 MOSI))
    (pad 5 thru_hole oval (at 0 10.16 180) (size 3 2) (drill 1.3) (layers *.Cu *.Mask)
      (net 5 NSS))
    (pad 6 thru_hole oval (at 0 12.7 180) (size 3 2) (drill 1.3) (layers *.Cu *.Mask)
      (net 6 DIO0))
    (pad 7 thru_hole oval (at 0 15.24 180) (size 3 2) (drill 1.3) (layers *.Cu *.Mask)
      (net 7 RESET))
    (model ${KISYS3DMOD}/Connector_PinHeader_2.54mm.3dshapes/PinHeader_1x07_P2.54mm_Vertical.wrl
      (at (xyz 0 0 0))
      (scale (xyz 1 1 1))
      (rotate (xyz 0 0 0))
    )
  )

  (module Resistor_SMD:R_1206_3216Metric (layer F.Cu) (tedit 5B301BBD) (tstamp 5FB42CE1)
    (at 114.938 134.874 180)
    (descr "Resistor SMD 1206 (3216 Metric), square (rectangular) end terminal, IPC_7351 nominal, (Body size source: http://www.tortai-tech.com/upload/download/2011102023233369053.pdf), generated with kicad-footprint-generator")
    (tags resistor)
    (path /5FAD418D)
    (attr smd)
    (fp_text reference R1 (at 0 -1.82) (layer F.SilkS)
      (effects (font (size 1 1) (thickness 0.15)))
    )
    (fp_text value R (at 0 1.82) (layer F.Fab)
      (effects (font (size 1 1) (thickness 0.15)))
    )
    (fp_line (start 2.28 1.12) (end -2.28 1.12) (layer F.CrtYd) (width 0.05))
    (fp_line (start 2.28 -1.12) (end 2.28 1.12) (layer F.CrtYd) (width 0.05))
    (fp_line (start -2.28 -1.12) (end 2.28 -1.12) (layer F.CrtYd) (width 0.05))
    (fp_line (start -2.28 1.12) (end -2.28 -1.12) (layer F.CrtYd) (width 0.05))
    (fp_line (start -0.602064 0.91) (end 0.602064 0.91) (layer F.SilkS) (width 0.12))
    (fp_line (start -0.602064 -0.91) (end 0.602064 -0.91) (layer F.SilkS) (width 0.12))
    (fp_line (start 1.6 0.8) (end -1.6 0.8) (layer F.Fab) (width 0.1))
    (fp_line (start 1.6 -0.8) (end 1.6 0.8) (layer F.Fab) (width 0.1))
    (fp_line (start -1.6 -0.8) (end 1.6 -0.8) (layer F.Fab) (width 0.1))
    (fp_line (start -1.6 0.8) (end -1.6 -0.8) (layer F.Fab) (width 0.1))
    (fp_text user %R (at 0 0) (layer F.Fab)
      (effects (font (size 0.8 0.8) (thickness 0.12)))
    )
    (pad 2 smd roundrect (at 1.4 0 180) (size 1.25 1.75) (layers F.Cu F.Paste F.Mask) (roundrect_rratio 0.2)
      (net 6 DIO0))
    (pad 1 smd roundrect (at -1.4 0 180) (size 1.25 1.75) (layers F.Cu F.Paste F.Mask) (roundrect_rratio 0.2)
      (net 6 DIO0))
    (model ${KISYS3DMOD}/Resistor_SMD.3dshapes/R_1206_3216Metric.wrl
      (at (xyz 0 0 0))
      (scale (xyz 1 1 1))
      (rotate (xyz 0 0 0))
    )
  )

  (module Connector_PinHeader_2.54mm:PinHeader_1x07_P2.54mm_Vertical (layer F.Cu) (tedit 5FB2A83A) (tstamp 5FB42CC6)
    (at 105.017581 153.40838 180)
    (descr "Through hole straight pin header, 1x07, 2.54mm pitch, single row")
    (tags "Through hole pin header THT 1x07 2.54mm single row")
    (path /5FADE5ED)
    (fp_text reference J1 (at 0 -2.33) (layer F.SilkS)
      (effects (font (size 1 1) (thickness 0.15)))
    )
    (fp_text value Conn_01x07 (at -8.334999 24.13) (layer F.Fab)
      (effects (font (size 1 1) (thickness 0.15)))
    )
    (fp_line (start 1.8 -1.8) (end -1.8 -1.8) (layer F.CrtYd) (width 0.05))
    (fp_line (start 1.8 17.05) (end 1.8 -1.8) (layer F.CrtYd) (width 0.05))
    (fp_line (start -1.8 17.05) (end 1.8 17.05) (layer F.CrtYd) (width 0.05))
    (fp_line (start -1.8 -1.8) (end -1.8 17.05) (layer F.CrtYd) (width 0.05))
    (fp_line (start -1.33 -1.33) (end 0 -1.33) (layer F.SilkS) (width 0.12))
    (fp_line (start -1.33 0) (end -1.33 -1.33) (layer F.SilkS) (width 0.12))
    (fp_line (start -1.33 1.27) (end 1.33 1.27) (layer F.SilkS) (width 0.12))
    (fp_line (start 1.33 1.27) (end 1.33 16.57) (layer F.SilkS) (width 0.12))
    (fp_line (start -1.33 1.27) (end -1.33 16.57) (layer F.SilkS) (width 0.12))
    (fp_line (start -1.33 16.57) (end 1.33 16.57) (layer F.SilkS) (width 0.12))
    (fp_line (start -1.27 -0.635) (end -0.635 -1.27) (layer F.Fab) (width 0.1))
    (fp_line (start -1.27 16.51) (end -1.27 -0.635) (layer F.Fab) (width 0.1))
    (fp_line (start 1.27 16.51) (end -1.27 16.51) (layer F.Fab) (width 0.1))
    (fp_line (start 1.27 -1.27) (end 1.27 16.51) (layer F.Fab) (width 0.1))
    (fp_line (start -0.635 -1.27) (end 1.27 -1.27) (layer F.Fab) (width 0.1))
    (fp_text user %R (at 0 7.62 90) (layer F.Fab)
      (effects (font (size 1 1) (thickness 0.15)))
    )
    (pad 7 thru_hole oval (at 0 15.24 180) (size 3 2) (drill 1.3) (layers *.Cu *.Mask)
      (net 7 RESET))
    (pad 6 thru_hole oval (at 0 12.7 180) (size 3 2) (drill 1.3) (layers *.Cu *.Mask)
      (net 6 DIO0))
    (pad 5 thru_hole oval (at 0 10.16 180) (size 3 2) (drill 1.3) (layers *.Cu *.Mask)
      (net 5 NSS))
    (pad 4 thru_hole oval (at 0 7.62 180) (size 3 2) (drill 1.3) (layers *.Cu *.Mask)
      (net 4 MOSI))
    (pad 3 thru_hole oval (at 0 5.08 180) (size 3 2) (drill 1.3) (layers *.Cu *.Mask)
      (net 3 MISO))
    (pad 2 thru_hole oval (at 0 2.54 180) (size 3 2) (drill 1.3) (layers *.Cu *.Mask)
      (net 2 SCK))
    (pad 1 thru_hole rect (at 0 0 180) (size 2 2) (drill 1) (layers *.Cu *.Mask)
      (net 1 GND))
    (model ${KISYS3DMOD}/Connector_PinHeader_2.54mm.3dshapes/PinHeader_1x07_P2.54mm_Vertical.wrl
      (at (xyz 0 0 0))
      (scale (xyz 1 1 1))
      (rotate (xyz 0 0 0))
    )
  )

  (module Resistor_SMD:R_1206_3216Metric (layer F.Cu) (tedit 5B301BBD) (tstamp 5FB42CB4)
    (at 114.71258 132.334 180)
    (descr "Resistor SMD 1206 (3216 Metric), square (rectangular) end terminal, IPC_7351 nominal, (Body size source: http://www.tortai-tech.com/upload/download/2011102023233369053.pdf), generated with kicad-footprint-generator")
    (tags resistor)
    (path /5FAD5946)
    (attr smd)
    (fp_text reference R2 (at 0 -1.82) (layer F.SilkS)
      (effects (font (size 1 1) (thickness 0.15)))
    )
    (fp_text value R (at 0 1.82) (layer F.Fab)
      (effects (font (size 1 1) (thickness 0.15)))
    )
    (fp_line (start 2.28 1.12) (end -2.28 1.12) (layer F.CrtYd) (width 0.05))
    (fp_line (start 2.28 -1.12) (end 2.28 1.12) (layer F.CrtYd) (width 0.05))
    (fp_line (start -2.28 -1.12) (end 2.28 -1.12) (layer F.CrtYd) (width 0.05))
    (fp_line (start -2.28 1.12) (end -2.28 -1.12) (layer F.CrtYd) (width 0.05))
    (fp_line (start -0.602064 0.91) (end 0.602064 0.91) (layer F.SilkS) (width 0.12))
    (fp_line (start -0.602064 -0.91) (end 0.602064 -0.91) (layer F.SilkS) (width 0.12))
    (fp_line (start 1.6 0.8) (end -1.6 0.8) (layer F.Fab) (width 0.1))
    (fp_line (start 1.6 -0.8) (end 1.6 0.8) (layer F.Fab) (width 0.1))
    (fp_line (start -1.6 -0.8) (end 1.6 -0.8) (layer F.Fab) (width 0.1))
    (fp_line (start -1.6 0.8) (end -1.6 -0.8) (layer F.Fab) (width 0.1))
    (fp_text user %R (at 0 0) (layer F.Fab)
      (effects (font (size 0.8 0.8) (thickness 0.12)))
    )
    (pad 2 smd roundrect (at 1.4 0 180) (size 1.25 1.75) (layers F.Cu F.Paste F.Mask) (roundrect_rratio 0.2)
      (net 7 RESET))
    (pad 1 smd roundrect (at -1.4 0 180) (size 1.25 1.75) (layers F.Cu F.Paste F.Mask) (roundrect_rratio 0.2)
      (net 7 RESET))
    (model ${KISYS3DMOD}/Resistor_SMD.3dshapes/R_1206_3216Metric.wrl
      (at (xyz 0 0 0))
      (scale (xyz 1 1 1))
      (rotate (xyz 0 0 0))
    )
  )

  (module Custom_Footprints:SX1276_Custom (layer F.Cu) (tedit 5FAAD6CC) (tstamp 5FB42C94)
    (at 93.65058 135.87838)
    (path /5FA6FB65)
    (fp_text reference U1 (at 0 0.5) (layer F.SilkS)
      (effects (font (size 1 1) (thickness 0.15)))
    )
    (fp_text value SX1276Custom (at -2.142 -6.6) (layer F.Fab)
      (effects (font (size 1 1) (thickness 0.15)))
    )
    (pad 1 smd oval (at 0 2.54) (size 1.524 0.8) (layers F.Cu F.Paste F.Mask)
      (net 1 GND))
    (pad 2 smd oval (at 0 3.81) (size 1.524 0.8) (layers F.Cu F.Paste F.Mask))
    (pad 3 smd oval (at 0 5.08) (size 1.524 0.8) (layers F.Cu F.Paste F.Mask)
      (net 5 NSS))
    (pad 4 smd oval (at 0 6.35) (size 1.524 0.8) (layers F.Cu F.Paste F.Mask)
      (net 4 MOSI))
    (pad 6 smd oval (at 0 8.89) (size 1.524 0.8) (layers F.Cu F.Paste F.Mask)
      (net 2 SCK))
    (pad 5 smd oval (at 0 7.62) (size 1.524 0.8) (layers F.Cu F.Paste F.Mask)
      (net 3 MISO))
    (pad 10 smd oval (at 0 13.97) (size 1.524 0.8) (layers F.Cu F.Paste F.Mask))
    (pad 12 smd oval (at 0 16.51) (size 1.524 0.8) (layers F.Cu F.Paste F.Mask)
      (net 6 DIO0))
    (pad 11 smd oval (at 0 15.24) (size 1.524 0.8) (layers F.Cu F.Paste F.Mask))
    (pad 7 smd oval (at 0 10.16) (size 1.524 0.8) (layers F.Cu F.Paste F.Mask))
    (pad 9 smd oval (at 0 12.7) (size 1.524 0.8) (layers F.Cu F.Paste F.Mask))
    (pad 8 smd oval (at 0 11.43) (size 1.524 0.8) (layers F.Cu F.Paste F.Mask))
    (pad 13 smd oval (at 0 17.78) (size 1.524 0.8) (layers F.Cu F.Paste F.Mask)
      (net 7 RESET))
    (pad 14 smd oval (at -17.05 17.89) (size 1.524 0.8) (layers F.Cu F.Paste F.Mask)
      (net 1 GND))
    (pad 15 smd oval (at -17.05 16.51) (size 1.524 0.8) (layers F.Cu F.Paste F.Mask))
  )

  (module Resistor_SMD:R_1206_3216Metric (layer F.Cu) (tedit 5B301BBD) (tstamp 5FB42C82)
    (at 82.934 134.874 180)
    (descr "Resistor SMD 1206 (3216 Metric), square (rectangular) end terminal, IPC_7351 nominal, (Body size source: http://www.tortai-tech.com/upload/download/2011102023233369053.pdf), generated with kicad-footprint-generator")
    (tags resistor)
    (path /5FAD418D)
    (attr smd)
    (fp_text reference R1 (at 0 -1.82) (layer F.SilkS)
      (effects (font (size 1 1) (thickness 0.15)))
    )
    (fp_text value R (at 0 1.82) (layer F.Fab)
      (effects (font (size 1 1) (thickness 0.15)))
    )
    (fp_text user %R (at 0 0) (layer F.Fab)
      (effects (font (size 0.8 0.8) (thickness 0.12)))
    )
    (fp_line (start -1.6 0.8) (end -1.6 -0.8) (layer F.Fab) (width 0.1))
    (fp_line (start -1.6 -0.8) (end 1.6 -0.8) (layer F.Fab) (width 0.1))
    (fp_line (start 1.6 -0.8) (end 1.6 0.8) (layer F.Fab) (width 0.1))
    (fp_line (start 1.6 0.8) (end -1.6 0.8) (layer F.Fab) (width 0.1))
    (fp_line (start -0.602064 -0.91) (end 0.602064 -0.91) (layer F.SilkS) (width 0.12))
    (fp_line (start -0.602064 0.91) (end 0.602064 0.91) (layer F.SilkS) (width 0.12))
    (fp_line (start -2.28 1.12) (end -2.28 -1.12) (layer F.CrtYd) (width 0.05))
    (fp_line (start -2.28 -1.12) (end 2.28 -1.12) (layer F.CrtYd) (width 0.05))
    (fp_line (start 2.28 -1.12) (end 2.28 1.12) (layer F.CrtYd) (width 0.05))
    (fp_line (start 2.28 1.12) (end -2.28 1.12) (layer F.CrtYd) (width 0.05))
    (pad 1 smd roundrect (at -1.4 0 180) (size 1.25 1.75) (layers F.Cu F.Paste F.Mask) (roundrect_rratio 0.2)
      (net 6 DIO0))
    (pad 2 smd roundrect (at 1.4 0 180) (size 1.25 1.75) (layers F.Cu F.Paste F.Mask) (roundrect_rratio 0.2)
      (net 6 DIO0))
    (model ${KISYS3DMOD}/Resistor_SMD.3dshapes/R_1206_3216Metric.wrl
      (at (xyz 0 0 0))
      (scale (xyz 1 1 1))
      (rotate (xyz 0 0 0))
    )
  )

  (module Resistor_SMD:R_1206_3216Metric (layer F.Cu) (tedit 5B301BBD) (tstamp 5FB42C55)
    (at 82.70858 132.334 180)
    (descr "Resistor SMD 1206 (3216 Metric), square (rectangular) end terminal, IPC_7351 nominal, (Body size source: http://www.tortai-tech.com/upload/download/2011102023233369053.pdf), generated with kicad-footprint-generator")
    (tags resistor)
    (path /5FAD5946)
    (attr smd)
    (fp_text reference R2 (at 0 -1.82) (layer F.SilkS)
      (effects (font (size 1 1) (thickness 0.15)))
    )
    (fp_text value R (at 0 1.82) (layer F.Fab)
      (effects (font (size 1 1) (thickness 0.15)))
    )
    (fp_text user %R (at 0 0) (layer F.Fab)
      (effects (font (size 0.8 0.8) (thickness 0.12)))
    )
    (fp_line (start -1.6 0.8) (end -1.6 -0.8) (layer F.Fab) (width 0.1))
    (fp_line (start -1.6 -0.8) (end 1.6 -0.8) (layer F.Fab) (width 0.1))
    (fp_line (start 1.6 -0.8) (end 1.6 0.8) (layer F.Fab) (width 0.1))
    (fp_line (start 1.6 0.8) (end -1.6 0.8) (layer F.Fab) (width 0.1))
    (fp_line (start -0.602064 -0.91) (end 0.602064 -0.91) (layer F.SilkS) (width 0.12))
    (fp_line (start -0.602064 0.91) (end 0.602064 0.91) (layer F.SilkS) (width 0.12))
    (fp_line (start -2.28 1.12) (end -2.28 -1.12) (layer F.CrtYd) (width 0.05))
    (fp_line (start -2.28 -1.12) (end 2.28 -1.12) (layer F.CrtYd) (width 0.05))
    (fp_line (start 2.28 -1.12) (end 2.28 1.12) (layer F.CrtYd) (width 0.05))
    (fp_line (start 2.28 1.12) (end -2.28 1.12) (layer F.CrtYd) (width 0.05))
    (pad 1 smd roundrect (at -1.4 0 180) (size 1.25 1.75) (layers F.Cu F.Paste F.Mask) (roundrect_rratio 0.2)
      (net 7 RESET))
    (pad 2 smd roundrect (at 1.4 0 180) (size 1.25 1.75) (layers F.Cu F.Paste F.Mask) (roundrect_rratio 0.2)
      (net 7 RESET))
    (model ${KISYS3DMOD}/Resistor_SMD.3dshapes/R_1206_3216Metric.wrl
      (at (xyz 0 0 0))
      (scale (xyz 1 1 1))
      (rotate (xyz 0 0 0))
    )
  )

  (module Connector_PinHeader_2.54mm:PinHeader_1x07_P2.54mm_Vertical (layer F.Cu) (tedit 5FB2A83A) (tstamp 5FB42BAA)
    (at 105.017581 126.48438 180)
    (descr "Through hole straight pin header, 1x07, 2.54mm pitch, single row")
    (tags "Through hole pin header THT 1x07 2.54mm single row")
    (path /5FADE5ED)
    (fp_text reference J1 (at 0 -2.33) (layer F.SilkS)
      (effects (font (size 1 1) (thickness 0.15)))
    )
    (fp_text value Conn_01x07 (at -8.334999 24.13) (layer F.Fab)
      (effects (font (size 1 1) (thickness 0.15)))
    )
    (fp_text user %R (at 0 7.62 90) (layer F.Fab)
      (effects (font (size 1 1) (thickness 0.15)))
    )
    (fp_line (start -0.635 -1.27) (end 1.27 -1.27) (layer F.Fab) (width 0.1))
    (fp_line (start 1.27 -1.27) (end 1.27 16.51) (layer F.Fab) (width 0.1))
    (fp_line (start 1.27 16.51) (end -1.27 16.51) (layer F.Fab) (width 0.1))
    (fp_line (start -1.27 16.51) (end -1.27 -0.635) (layer F.Fab) (width 0.1))
    (fp_line (start -1.27 -0.635) (end -0.635 -1.27) (layer F.Fab) (width 0.1))
    (fp_line (start -1.33 16.57) (end 1.33 16.57) (layer F.SilkS) (width 0.12))
    (fp_line (start -1.33 1.27) (end -1.33 16.57) (layer F.SilkS) (width 0.12))
    (fp_line (start 1.33 1.27) (end 1.33 16.57) (layer F.SilkS) (width 0.12))
    (fp_line (start -1.33 1.27) (end 1.33 1.27) (layer F.SilkS) (width 0.12))
    (fp_line (start -1.33 0) (end -1.33 -1.33) (layer F.SilkS) (width 0.12))
    (fp_line (start -1.33 -1.33) (end 0 -1.33) (layer F.SilkS) (width 0.12))
    (fp_line (start -1.8 -1.8) (end -1.8 17.05) (layer F.CrtYd) (width 0.05))
    (fp_line (start -1.8 17.05) (end 1.8 17.05) (layer F.CrtYd) (width 0.05))
    (fp_line (start 1.8 17.05) (end 1.8 -1.8) (layer F.CrtYd) (width 0.05))
    (fp_line (start 1.8 -1.8) (end -1.8 -1.8) (layer F.CrtYd) (width 0.05))
    (pad 1 thru_hole rect (at 0 0 180) (size 2 2) (drill 1) (layers *.Cu *.Mask)
      (net 1 GND))
    (pad 2 thru_hole oval (at 0 2.54 180) (size 3 2) (drill 1.3) (layers *.Cu *.Mask)
      (net 2 SCK))
    (pad 3 thru_hole oval (at 0 5.08 180) (size 3 2) (drill 1.3) (layers *.Cu *.Mask)
      (net 3 MISO))
    (pad 4 thru_hole oval (at 0 7.62 180) (size 3 2) (drill 1.3) (layers *.Cu *.Mask)
      (net 4 MOSI))
    (pad 5 thru_hole oval (at 0 10.16 180) (size 3 2) (drill 1.3) (layers *.Cu *.Mask)
      (net 5 NSS))
    (pad 6 thru_hole oval (at 0 12.7 180) (size 3 2) (drill 1.3) (layers *.Cu *.Mask)
      (net 6 DIO0))
    (pad 7 thru_hole oval (at 0 15.24 180) (size 3 2) (drill 1.3) (layers *.Cu *.Mask)
      (net 7 RESET))
    (model ${KISYS3DMOD}/Connector_PinHeader_2.54mm.3dshapes/PinHeader_1x07_P2.54mm_Vertical.wrl
      (at (xyz 0 0 0))
      (scale (xyz 1 1 1))
      (rotate (xyz 0 0 0))
    )
  )

  (module Custom_Footprints:SX1276_Custom (layer F.Cu) (tedit 5FAAD6CC) (tstamp 5FB42B89)
    (at 125.65458 108.95438)
    (path /5FA6FB65)
    (fp_text reference U1 (at 0 0.5) (layer F.SilkS)
      (effects (font (size 1 1) (thickness 0.15)))
    )
    (fp_text value SX1276Custom (at -2.142 -6.6) (layer F.Fab)
      (effects (font (size 1 1) (thickness 0.15)))
    )
    (pad 1 smd oval (at 0 2.54) (size 1.524 0.8) (layers F.Cu F.Paste F.Mask)
      (net 1 GND))
    (pad 2 smd oval (at 0 3.81) (size 1.524 0.8) (layers F.Cu F.Paste F.Mask))
    (pad 3 smd oval (at 0 5.08) (size 1.524 0.8) (layers F.Cu F.Paste F.Mask)
      (net 5 NSS))
    (pad 4 smd oval (at 0 6.35) (size 1.524 0.8) (layers F.Cu F.Paste F.Mask)
      (net 4 MOSI))
    (pad 6 smd oval (at 0 8.89) (size 1.524 0.8) (layers F.Cu F.Paste F.Mask)
      (net 2 SCK))
    (pad 5 smd oval (at 0 7.62) (size 1.524 0.8) (layers F.Cu F.Paste F.Mask)
      (net 3 MISO))
    (pad 10 smd oval (at 0 13.97) (size 1.524 0.8) (layers F.Cu F.Paste F.Mask))
    (pad 12 smd oval (at 0 16.51) (size 1.524 0.8) (layers F.Cu F.Paste F.Mask)
      (net 6 DIO0))
    (pad 11 smd oval (at 0 15.24) (size 1.524 0.8) (layers F.Cu F.Paste F.Mask))
    (pad 7 smd oval (at 0 10.16) (size 1.524 0.8) (layers F.Cu F.Paste F.Mask))
    (pad 9 smd oval (at 0 12.7) (size 1.524 0.8) (layers F.Cu F.Paste F.Mask))
    (pad 8 smd oval (at 0 11.43) (size 1.524 0.8) (layers F.Cu F.Paste F.Mask))
    (pad 13 smd oval (at 0 17.78) (size 1.524 0.8) (layers F.Cu F.Paste F.Mask)
      (net 7 RESET))
    (pad 14 smd oval (at -17.05 17.89) (size 1.524 0.8) (layers F.Cu F.Paste F.Mask)
      (net 1 GND))
    (pad 15 smd oval (at -17.05 16.51) (size 1.524 0.8) (layers F.Cu F.Paste F.Mask))
  )

  (module Resistor_SMD:R_1206_3216Metric (layer F.Cu) (tedit 5B301BBD) (tstamp 5FB42B77)
    (at 114.938 107.95 180)
    (descr "Resistor SMD 1206 (3216 Metric), square (rectangular) end terminal, IPC_7351 nominal, (Body size source: http://www.tortai-tech.com/upload/download/2011102023233369053.pdf), generated with kicad-footprint-generator")
    (tags resistor)
    (path /5FAD418D)
    (attr smd)
    (fp_text reference R1 (at 0 -1.82) (layer F.SilkS)
      (effects (font (size 1 1) (thickness 0.15)))
    )
    (fp_text value R (at 0 1.82) (layer F.Fab)
      (effects (font (size 1 1) (thickness 0.15)))
    )
    (fp_text user %R (at 0 0) (layer F.Fab)
      (effects (font (size 0.8 0.8) (thickness 0.12)))
    )
    (fp_line (start -1.6 0.8) (end -1.6 -0.8) (layer F.Fab) (width 0.1))
    (fp_line (start -1.6 -0.8) (end 1.6 -0.8) (layer F.Fab) (width 0.1))
    (fp_line (start 1.6 -0.8) (end 1.6 0.8) (layer F.Fab) (width 0.1))
    (fp_line (start 1.6 0.8) (end -1.6 0.8) (layer F.Fab) (width 0.1))
    (fp_line (start -0.602064 -0.91) (end 0.602064 -0.91) (layer F.SilkS) (width 0.12))
    (fp_line (start -0.602064 0.91) (end 0.602064 0.91) (layer F.SilkS) (width 0.12))
    (fp_line (start -2.28 1.12) (end -2.28 -1.12) (layer F.CrtYd) (width 0.05))
    (fp_line (start -2.28 -1.12) (end 2.28 -1.12) (layer F.CrtYd) (width 0.05))
    (fp_line (start 2.28 -1.12) (end 2.28 1.12) (layer F.CrtYd) (width 0.05))
    (fp_line (start 2.28 1.12) (end -2.28 1.12) (layer F.CrtYd) (width 0.05))
    (pad 1 smd roundrect (at -1.4 0 180) (size 1.25 1.75) (layers F.Cu F.Paste F.Mask) (roundrect_rratio 0.2)
      (net 6 DIO0))
    (pad 2 smd roundrect (at 1.4 0 180) (size 1.25 1.75) (layers F.Cu F.Paste F.Mask) (roundrect_rratio 0.2)
      (net 6 DIO0))
    (model ${KISYS3DMOD}/Resistor_SMD.3dshapes/R_1206_3216Metric.wrl
      (at (xyz 0 0 0))
      (scale (xyz 1 1 1))
      (rotate (xyz 0 0 0))
    )
  )

  (module Resistor_SMD:R_1206_3216Metric (layer F.Cu) (tedit 5B301BBD) (tstamp 5FB42B53)
    (at 114.71258 105.41 180)
    (descr "Resistor SMD 1206 (3216 Metric), square (rectangular) end terminal, IPC_7351 nominal, (Body size source: http://www.tortai-tech.com/upload/download/2011102023233369053.pdf), generated with kicad-footprint-generator")
    (tags resistor)
    (path /5FAD5946)
    (attr smd)
    (fp_text reference R2 (at 0 -1.82) (layer F.SilkS)
      (effects (font (size 1 1) (thickness 0.15)))
    )
    (fp_text value R (at 0 1.82) (layer F.Fab)
      (effects (font (size 1 1) (thickness 0.15)))
    )
    (fp_text user %R (at 0 0) (layer F.Fab)
      (effects (font (size 0.8 0.8) (thickness 0.12)))
    )
    (fp_line (start -1.6 0.8) (end -1.6 -0.8) (layer F.Fab) (width 0.1))
    (fp_line (start -1.6 -0.8) (end 1.6 -0.8) (layer F.Fab) (width 0.1))
    (fp_line (start 1.6 -0.8) (end 1.6 0.8) (layer F.Fab) (width 0.1))
    (fp_line (start 1.6 0.8) (end -1.6 0.8) (layer F.Fab) (width 0.1))
    (fp_line (start -0.602064 -0.91) (end 0.602064 -0.91) (layer F.SilkS) (width 0.12))
    (fp_line (start -0.602064 0.91) (end 0.602064 0.91) (layer F.SilkS) (width 0.12))
    (fp_line (start -2.28 1.12) (end -2.28 -1.12) (layer F.CrtYd) (width 0.05))
    (fp_line (start -2.28 -1.12) (end 2.28 -1.12) (layer F.CrtYd) (width 0.05))
    (fp_line (start 2.28 -1.12) (end 2.28 1.12) (layer F.CrtYd) (width 0.05))
    (fp_line (start 2.28 1.12) (end -2.28 1.12) (layer F.CrtYd) (width 0.05))
    (pad 1 smd roundrect (at -1.4 0 180) (size 1.25 1.75) (layers F.Cu F.Paste F.Mask) (roundrect_rratio 0.2)
      (net 7 RESET))
    (pad 2 smd roundrect (at 1.4 0 180) (size 1.25 1.75) (layers F.Cu F.Paste F.Mask) (roundrect_rratio 0.2)
      (net 7 RESET))
    (model ${KISYS3DMOD}/Resistor_SMD.3dshapes/R_1206_3216Metric.wrl
      (at (xyz 0 0 0))
      (scale (xyz 1 1 1))
      (rotate (xyz 0 0 0))
    )
  )

  (module Custom_Footprints:SX1276_Custom (layer F.Cu) (tedit 5FAAD6CC) (tstamp 5FB2B115)
    (at 93.65058 108.95438)
    (path /5FA6FB65)
    (fp_text reference U1 (at 0 0.5) (layer F.SilkS)
      (effects (font (size 1 1) (thickness 0.15)))
    )
    (fp_text value SX1276Custom (at -2.142 -6.6) (layer F.Fab)
      (effects (font (size 1 1) (thickness 0.15)))
    )
    (pad 15 smd oval (at -17.05 16.51) (size 1.524 0.8) (layers F.Cu F.Paste F.Mask))
    (pad 14 smd oval (at -17.05 17.89) (size 1.524 0.8) (layers F.Cu F.Paste F.Mask)
      (net 1 GND))
    (pad 13 smd oval (at 0 17.78) (size 1.524 0.8) (layers F.Cu F.Paste F.Mask)
      (net 7 RESET))
    (pad 8 smd oval (at 0 11.43) (size 1.524 0.8) (layers F.Cu F.Paste F.Mask))
    (pad 9 smd oval (at 0 12.7) (size 1.524 0.8) (layers F.Cu F.Paste F.Mask))
    (pad 7 smd oval (at 0 10.16) (size 1.524 0.8) (layers F.Cu F.Paste F.Mask))
    (pad 11 smd oval (at 0 15.24) (size 1.524 0.8) (layers F.Cu F.Paste F.Mask))
    (pad 12 smd oval (at 0 16.51) (size 1.524 0.8) (layers F.Cu F.Paste F.Mask)
      (net 6 DIO0))
    (pad 10 smd oval (at 0 13.97) (size 1.524 0.8) (layers F.Cu F.Paste F.Mask))
    (pad 5 smd oval (at 0 7.62) (size 1.524 0.8) (layers F.Cu F.Paste F.Mask)
      (net 3 MISO))
    (pad 6 smd oval (at 0 8.89) (size 1.524 0.8) (layers F.Cu F.Paste F.Mask)
      (net 2 SCK))
    (pad 4 smd oval (at 0 6.35) (size 1.524 0.8) (layers F.Cu F.Paste F.Mask)
      (net 4 MOSI))
    (pad 3 smd oval (at 0 5.08) (size 1.524 0.8) (layers F.Cu F.Paste F.Mask)
      (net 5 NSS))
    (pad 2 smd oval (at 0 3.81) (size 1.524 0.8) (layers F.Cu F.Paste F.Mask))
    (pad 1 smd oval (at 0 2.54) (size 1.524 0.8) (layers F.Cu F.Paste F.Mask)
      (net 1 GND))
  )

  (module Resistor_SMD:R_1206_3216Metric (layer F.Cu) (tedit 5B301BBD) (tstamp 5FB2B083)
    (at 82.70858 105.41 180)
    (descr "Resistor SMD 1206 (3216 Metric), square (rectangular) end terminal, IPC_7351 nominal, (Body size source: http://www.tortai-tech.com/upload/download/2011102023233369053.pdf), generated with kicad-footprint-generator")
    (tags resistor)
    (path /5FAD5946)
    (attr smd)
    (fp_text reference R2 (at 0 -1.82) (layer F.SilkS)
      (effects (font (size 1 1) (thickness 0.15)))
    )
    (fp_text value R (at 0 1.82) (layer F.Fab)
      (effects (font (size 1 1) (thickness 0.15)))
    )
    (fp_line (start 2.28 1.12) (end -2.28 1.12) (layer F.CrtYd) (width 0.05))
    (fp_line (start 2.28 -1.12) (end 2.28 1.12) (layer F.CrtYd) (width 0.05))
    (fp_line (start -2.28 -1.12) (end 2.28 -1.12) (layer F.CrtYd) (width 0.05))
    (fp_line (start -2.28 1.12) (end -2.28 -1.12) (layer F.CrtYd) (width 0.05))
    (fp_line (start -0.602064 0.91) (end 0.602064 0.91) (layer F.SilkS) (width 0.12))
    (fp_line (start -0.602064 -0.91) (end 0.602064 -0.91) (layer F.SilkS) (width 0.12))
    (fp_line (start 1.6 0.8) (end -1.6 0.8) (layer F.Fab) (width 0.1))
    (fp_line (start 1.6 -0.8) (end 1.6 0.8) (layer F.Fab) (width 0.1))
    (fp_line (start -1.6 -0.8) (end 1.6 -0.8) (layer F.Fab) (width 0.1))
    (fp_line (start -1.6 0.8) (end -1.6 -0.8) (layer F.Fab) (width 0.1))
    (fp_text user %R (at 0 0) (layer F.Fab)
      (effects (font (size 0.8 0.8) (thickness 0.12)))
    )
    (pad 2 smd roundrect (at 1.4 0 180) (size 1.25 1.75) (layers F.Cu F.Paste F.Mask) (roundrect_rratio 0.2)
      (net 7 RESET))
    (pad 1 smd roundrect (at -1.4 0 180) (size 1.25 1.75) (layers F.Cu F.Paste F.Mask) (roundrect_rratio 0.2)
      (net 7 RESET))
    (model ${KISYS3DMOD}/Resistor_SMD.3dshapes/R_1206_3216Metric.wrl
      (at (xyz 0 0 0))
      (scale (xyz 1 1 1))
      (rotate (xyz 0 0 0))
    )
  )

  (module Connector_PinHeader_2.54mm:PinHeader_1x07_P2.54mm_Vertical (layer F.Cu) (tedit 5FB2A83A) (tstamp 5FB2B02D)
    (at 73.013581 126.48438 180)
    (descr "Through hole straight pin header, 1x07, 2.54mm pitch, single row")
    (tags "Through hole pin header THT 1x07 2.54mm single row")
    (path /5FADE5ED)
    (fp_text reference J1 (at 0 -2.33) (layer F.SilkS)
      (effects (font (size 1 1) (thickness 0.15)))
    )
    (fp_text value Conn_01x07 (at -8.334999 24.13) (layer F.Fab)
      (effects (font (size 1 1) (thickness 0.15)))
    )
    (fp_line (start 1.8 -1.8) (end -1.8 -1.8) (layer F.CrtYd) (width 0.05))
    (fp_line (start 1.8 17.05) (end 1.8 -1.8) (layer F.CrtYd) (width 0.05))
    (fp_line (start -1.8 17.05) (end 1.8 17.05) (layer F.CrtYd) (width 0.05))
    (fp_line (start -1.8 -1.8) (end -1.8 17.05) (layer F.CrtYd) (width 0.05))
    (fp_line (start -1.33 -1.33) (end 0 -1.33) (layer F.SilkS) (width 0.12))
    (fp_line (start -1.33 0) (end -1.33 -1.33) (layer F.SilkS) (width 0.12))
    (fp_line (start -1.33 1.27) (end 1.33 1.27) (layer F.SilkS) (width 0.12))
    (fp_line (start 1.33 1.27) (end 1.33 16.57) (layer F.SilkS) (width 0.12))
    (fp_line (start -1.33 1.27) (end -1.33 16.57) (layer F.SilkS) (width 0.12))
    (fp_line (start -1.33 16.57) (end 1.33 16.57) (layer F.SilkS) (width 0.12))
    (fp_line (start -1.27 -0.635) (end -0.635 -1.27) (layer F.Fab) (width 0.1))
    (fp_line (start -1.27 16.51) (end -1.27 -0.635) (layer F.Fab) (width 0.1))
    (fp_line (start 1.27 16.51) (end -1.27 16.51) (layer F.Fab) (width 0.1))
    (fp_line (start 1.27 -1.27) (end 1.27 16.51) (layer F.Fab) (width 0.1))
    (fp_line (start -0.635 -1.27) (end 1.27 -1.27) (layer F.Fab) (width 0.1))
    (fp_text user %R (at 0 7.62 90) (layer F.Fab)
      (effects (font (size 1 1) (thickness 0.15)))
    )
    (pad 7 thru_hole oval (at 0 15.24 180) (size 3 2) (drill 1.3) (layers *.Cu *.Mask)
      (net 7 RESET))
    (pad 6 thru_hole oval (at 0 12.7 180) (size 3 2) (drill 1.3) (layers *.Cu *.Mask)
      (net 6 DIO0))
    (pad 5 thru_hole oval (at 0 10.16 180) (size 3 2) (drill 1.3) (layers *.Cu *.Mask)
      (net 5 NSS))
    (pad 4 thru_hole oval (at 0 7.62 180) (size 3 2) (drill 1.3) (layers *.Cu *.Mask)
      (net 4 MOSI))
    (pad 3 thru_hole oval (at 0 5.08 180) (size 3 2) (drill 1.3) (layers *.Cu *.Mask)
      (net 3 MISO))
    (pad 2 thru_hole oval (at 0 2.54 180) (size 3 2) (drill 1.3) (layers *.Cu *.Mask)
      (net 2 SCK))
    (pad 1 thru_hole rect (at 0 0 180) (size 2 2) (drill 1) (layers *.Cu *.Mask)
      (net 1 GND))
    (model ${KISYS3DMOD}/Connector_PinHeader_2.54mm.3dshapes/PinHeader_1x07_P2.54mm_Vertical.wrl
      (at (xyz 0 0 0))
      (scale (xyz 1 1 1))
      (rotate (xyz 0 0 0))
    )
  )

  (module Resistor_SMD:R_1206_3216Metric (layer F.Cu) (tedit 5B301BBD) (tstamp 5FB2B0E3)
    (at 82.934 107.95 180)
    (descr "Resistor SMD 1206 (3216 Metric), square (rectangular) end terminal, IPC_7351 nominal, (Body size source: http://www.tortai-tech.com/upload/download/2011102023233369053.pdf), generated with kicad-footprint-generator")
    (tags resistor)
    (path /5FAD418D)
    (attr smd)
    (fp_text reference R1 (at 0 -1.82) (layer F.SilkS)
      (effects (font (size 1 1) (thickness 0.15)))
    )
    (fp_text value R (at 0 1.82) (layer F.Fab)
      (effects (font (size 1 1) (thickness 0.15)))
    )
    (fp_line (start 2.28 1.12) (end -2.28 1.12) (layer F.CrtYd) (width 0.05))
    (fp_line (start 2.28 -1.12) (end 2.28 1.12) (layer F.CrtYd) (width 0.05))
    (fp_line (start -2.28 -1.12) (end 2.28 -1.12) (layer F.CrtYd) (width 0.05))
    (fp_line (start -2.28 1.12) (end -2.28 -1.12) (layer F.CrtYd) (width 0.05))
    (fp_line (start -0.602064 0.91) (end 0.602064 0.91) (layer F.SilkS) (width 0.12))
    (fp_line (start -0.602064 -0.91) (end 0.602064 -0.91) (layer F.SilkS) (width 0.12))
    (fp_line (start 1.6 0.8) (end -1.6 0.8) (layer F.Fab) (width 0.1))
    (fp_line (start 1.6 -0.8) (end 1.6 0.8) (layer F.Fab) (width 0.1))
    (fp_line (start -1.6 -0.8) (end 1.6 -0.8) (layer F.Fab) (width 0.1))
    (fp_line (start -1.6 0.8) (end -1.6 -0.8) (layer F.Fab) (width 0.1))
    (fp_text user %R (at 0 0) (layer F.Fab)
      (effects (font (size 0.8 0.8) (thickness 0.12)))
    )
    (pad 2 smd roundrect (at 1.4 0 180) (size 1.25 1.75) (layers F.Cu F.Paste F.Mask) (roundrect_rratio 0.2)
      (net 6 DIO0))
    (pad 1 smd roundrect (at -1.4 0 180) (size 1.25 1.75) (layers F.Cu F.Paste F.Mask) (roundrect_rratio 0.2)
      (net 6 DIO0))
    (model ${KISYS3DMOD}/Resistor_SMD.3dshapes/R_1206_3216Metric.wrl
      (at (xyz 0 0 0))
      (scale (xyz 1 1 1))
      (rotate (xyz 0 0 0))
    )
  )

  (gr_text SC (at 95.758 144.78) (layer F.Cu) (tstamp 5FB42D28)
    (effects (font (size 0.6 0.6) (thickness 0.125)))
  )
  (gr_text MI (at 95.758 143.51) (layer F.Cu) (tstamp 5FB42CF8)
    (effects (font (size 0.6 0.6) (thickness 0.125)))
  )
  (gr_text MO (at 127.762 142.24) (layer F.Cu) (tstamp 5FB42CF2)
    (effects (font (size 0.6 0.6) (thickness 0.125)))
  )
  (gr_text MO (at 95.758 142.24) (layer F.Cu) (tstamp 5FB42C72)
    (effects (font (size 0.6 0.6) (thickness 0.125)))
  )
  (gr_text MI (at 127.762 143.51) (layer F.Cu) (tstamp 5FB42C70)
    (effects (font (size 0.6 0.6) (thickness 0.125)))
  )
  (gr_text SC (at 127.762 144.78) (layer F.Cu) (tstamp 5FB42C4F)
    (effects (font (size 0.6 0.6) (thickness 0.125)))
  )
  (gr_text SC (at 127.762 117.856) (layer F.Cu) (tstamp 5FB42BC9)
    (effects (font (size 0.6 0.6) (thickness 0.125)))
  )
  (gr_text MI (at 127.762 116.586) (layer F.Cu) (tstamp 5FB42BA4)
    (effects (font (size 0.6 0.6) (thickness 0.125)))
  )
  (gr_text MO (at 127.762 115.316) (layer F.Cu) (tstamp 5FB42B6A)
    (effects (font (size 0.6 0.6) (thickness 0.125)))
  )
  (gr_text MO (at 95.758 115.316) (layer F.Cu)
    (effects (font (size 0.6 0.6) (thickness 0.125)))
  )
  (gr_text MI (at 95.758 116.586) (layer F.Cu)
    (effects (font (size 0.6 0.6) (thickness 0.125)))
  )
  (gr_text SC (at 95.758 117.856) (layer F.Cu)
    (effects (font (size 0.6 0.6) (thickness 0.125)))
  )

  (segment (start 93.65058 112.76438) (end 96.00038 112.76438) (width 0.75) (layer F.Cu) (net 0))
  (via (at 96.00038 112.76438) (size 2) (drill 1) (layers F.Cu B.Cu) (net 0))
  (segment (start 125.65458 112.76438) (end 128.00438 112.76438) (width 0.75) (layer F.Cu) (net 0) (tstamp 5FB42B6F))
  (via (at 128.00438 112.76438) (size 2) (drill 1) (layers F.Cu B.Cu) (net 0) (tstamp 5FB42B88))
  (segment (start 125.65458 139.68838) (end 128.00438 139.68838) (width 0.75) (layer F.Cu) (net 0) (tstamp 5FB42C4B))
  (segment (start 93.65058 139.68838) (end 96.00038 139.68838) (width 0.75) (layer F.Cu) (net 0) (tstamp 5FB42C77))
  (via (at 96.00038 139.68838) (size 2) (drill 1) (layers F.Cu B.Cu) (net 0) (tstamp 5FB42C93))
  (via (at 128.00438 139.68838) (size 2) (drill 1) (layers F.Cu B.Cu) (net 0) (tstamp 5FB42D00))
  (segment (start 93.533262 117.84438) (end 93.65058 117.84438) (width 0.75) (layer F.Cu) (net 2) (tstamp 5FB2B00E) (status 30))
  (segment (start 93.65058 117.84438) (end 92.26858 117.84438) (width 0.75) (layer F.Cu) (net 2) (tstamp 5FB2B002) (status 10))
  (segment (start 85.46858 123.94438) (end 73.013581 123.94438) (width 0.75) (layer F.Cu) (net 2) (tstamp 5FB2B167) (status 20))
  (segment (start 92.26858 117.84438) (end 86.16858 123.94438) (width 0.75) (layer F.Cu) (net 2) (tstamp 5FB2B164))
  (segment (start 86.16858 123.94438) (end 85.46858 123.94438) (width 0.75) (layer F.Cu) (net 2) (tstamp 5FB2B161))
  (segment (start 125.65458 117.84438) (end 124.27258 117.84438) (width 0.75) (layer F.Cu) (net 2) (tstamp 5FB42B51) (status 10))
  (segment (start 125.537262 117.84438) (end 125.65458 117.84438) (width 0.75) (layer F.Cu) (net 2) (tstamp 5FB42B9E) (status 30))
  (segment (start 117.47258 123.94438) (end 105.017581 123.94438) (width 0.75) (layer F.Cu) (net 2) (tstamp 5FB42B9F) (status 20))
  (segment (start 124.27258 117.84438) (end 118.17258 123.94438) (width 0.75) (layer F.Cu) (net 2) (tstamp 5FB42BA7))
  (segment (start 118.17258 123.94438) (end 117.47258 123.94438) (width 0.75) (layer F.Cu) (net 2) (tstamp 5FB42BC4))
  (segment (start 93.65058 144.76838) (end 92.26858 144.76838) (width 0.75) (layer F.Cu) (net 2) (tstamp 5FB42C50) (status 10))
  (segment (start 118.17258 150.86838) (end 117.47258 150.86838) (width 0.75) (layer F.Cu) (net 2) (tstamp 5FB42C53))
  (segment (start 124.27258 144.76838) (end 118.17258 150.86838) (width 0.75) (layer F.Cu) (net 2) (tstamp 5FB42C6F))
  (segment (start 125.65458 144.76838) (end 124.27258 144.76838) (width 0.75) (layer F.Cu) (net 2) (tstamp 5FB42C7A) (status 10))
  (segment (start 117.47258 150.86838) (end 105.017581 150.86838) (width 0.75) (layer F.Cu) (net 2) (tstamp 5FB42CA6) (status 20))
  (segment (start 125.537262 144.76838) (end 125.65458 144.76838) (width 0.75) (layer F.Cu) (net 2) (tstamp 5FB42CA8) (status 30))
