(kicad_pcb (version 20171130) (host pcbnew 5.1.6)

  (general
    (thickness 1.6)
    (drawings 0)
    (tracks 176)
    (zones 0)
    (modules 16)
    (nets 15)
  )

  (page A4)
  (layers
    (0 F.Cu signal)
    (31 B.Cu signal)
    (32 B.Adhes user)
    (33 F.Adhes user)
    (34 B.Paste user)
    (35 F.Paste user)
    (36 B.SilkS user)
    (37 F.SilkS user)
    (38 B.Mask user)
    (39 F.Mask user)
    (40 Dwgs.User user)
    (41 Cmts.User user)
    (42 Eco1.User user)
    (43 Eco2.User user)
    (44 Edge.Cuts user)
    (45 Margin user)
    (46 B.CrtYd user)
    (47 F.CrtYd user)
    (48 B.Fab user)
    (49 F.Fab user)
  )

  (setup
    (last_trace_width 0.25)
    (user_trace_width 0.75)
    (trace_clearance 0.2)
    (zone_clearance 0.508)
    (zone_45_only no)
    (trace_min 0.2)
    (via_size 0.8)
    (via_drill 0.4)
    (via_min_size 0.4)
    (via_min_drill 0.3)
    (uvia_size 0.3)
    (uvia_drill 0.1)
    (uvias_allowed no)
    (uvia_min_size 0.2)
    (uvia_min_drill 0.1)
    (edge_width 0.05)
    (segment_width 0.2)
    (pcb_text_width 0.3)
    (pcb_text_size 1.5 1.5)
    (mod_edge_width 0.12)
    (mod_text_size 1 1)
    (mod_text_width 0.15)
    (pad_size 2 2)
    (pad_drill 1)
    (pad_to_mask_clearance 0.05)
    (aux_axis_origin 0 0)
    (visible_elements FFFFFF7F)
    (pcbplotparams
      (layerselection 0x010fc_ffffffff)
      (usegerberextensions false)
      (usegerberattributes true)
      (usegerberadvancedattributes true)
      (creategerberjobfile true)
      (excludeedgelayer true)
      (linewidth 0.100000)
      (plotframeref false)
      (viasonmask false)
      (mode 1)
      (useauxorigin false)
      (hpglpennumber 1)
      (hpglpenspeed 20)
      (hpglpendiameter 15.000000)
      (psnegative false)
      (psa4output false)
      (plotreference true)
      (plotvalue true)
      (plotinvisibletext false)
      (padsonsilk false)
      (subtractmaskfromsilk false)
      (outputformat 1)
      (mirror false)
      (drillshape 1)
      (scaleselection 1)
      (outputdirectory ""))
  )

  (net 0 "")
  (net 1 GND)
  (net 2 SCK)
  (net 3 MISO)
  (net 4 MOSI)
  (net 5 NSS)
  (net 6 DIO0)
  (net 7 RESET)
  (net 8 +3V3)
  (net 9 "Net-(U1-Pad10)")
  (net 10 "Net-(U1-Pad11)")
  (net 11 "Net-(U1-Pad7)")
  (net 12 "Net-(U1-Pad9)")
  (net 13 "Net-(U1-Pad8)")
  (net 14 "Net-(U1-Pad15)")

  (net_class Default "This is the default net class."
    (clearance 0.2)
    (trace_width 0.25)
    (via_dia 0.8)
    (via_drill 0.4)
    (uvia_dia 0.3)
    (uvia_drill 0.1)
    (add_net +3V3)
    (add_net DIO0)
    (add_net GND)
    (add_net MISO)
    (add_net MOSI)
    (add_net NSS)
    (add_net "Net-(U1-Pad10)")
    (add_net "Net-(U1-Pad11)")
    (add_net "Net-(U1-Pad15)")
    (add_net "Net-(U1-Pad7)")
    (add_net "Net-(U1-Pad8)")
    (add_net "Net-(U1-Pad9)")
    (add_net RESET)
    (add_net SCK)
  )

  (module Resistor_SMD:R_1206_3216Metric (layer F.Cu) (tedit 5B301BBD) (tstamp 5FB2ACD0)
    (at 111.85 131.16 180)
    (descr "Resistor SMD 1206 (3216 Metric), square (rectangular) end terminal, IPC_7351 nominal, (Body size source: http://www.tortai-tech.com/upload/download/2011102023233369053.pdf), generated with kicad-footprint-generator")
    (tags resistor)
    (path /5FAD5946)
    (attr smd)
    (fp_text reference R2 (at 0 -1.82) (layer F.SilkS)
      (effects (font (size 1 1) (thickness 0.15)))
    )
    (fp_text value R (at 0 1.82) (layer F.Fab)
      (effects (font (size 1 1) (thickness 0.15)))
    )
    (fp_line (start -1.6 0.8) (end -1.6 -0.8) (layer F.Fab) (width 0.1))
    (fp_line (start -1.6 -0.8) (end 1.6 -0.8) (layer F.Fab) (width 0.1))
    (fp_line (start 1.6 -0.8) (end 1.6 0.8) (layer F.Fab) (width 0.1))
    (fp_line (start 1.6 0.8) (end -1.6 0.8) (layer F.Fab) (width 0.1))
    (fp_line (start -0.602064 -0.91) (end 0.602064 -0.91) (layer F.SilkS) (width 0.12))
    (fp_line (start -0.602064 0.91) (end 0.602064 0.91) (layer F.SilkS) (width 0.12))
    (fp_line (start -2.28 1.12) (end -2.28 -1.12) (layer F.CrtYd) (width 0.05))
    (fp_line (start -2.28 -1.12) (end 2.28 -1.12) (layer F.CrtYd) (width 0.05))
    (fp_line (start 2.28 -1.12) (end 2.28 1.12) (layer F.CrtYd) (width 0.05))
    (fp_line (start 2.28 1.12) (end -2.28 1.12) (layer F.CrtYd) (width 0.05))
    (fp_text user %R (at 0 0) (layer F.Fab)
      (effects (font (size 0.8 0.8) (thickness 0.12)))
    )
    (pad 2 smd roundrect (at 1.4 0 180) (size 1.25 1.75) (layers F.Cu F.Paste F.Mask) (roundrect_rratio 0.2)
      (net 7 RESET))
    (pad 1 smd roundrect (at -1.4 0 180) (size 1.25 1.75) (layers F.Cu F.Paste F.Mask) (roundrect_rratio 0.2)
      (net 7 RESET))
    (model ${KISYS3DMOD}/Resistor_SMD.3dshapes/R_1206_3216Metric.wrl
      (at (xyz 0 0 0))
      (scale (xyz 1 1 1))
      (rotate (xyz 0 0 0))
    )
  )

  (module Custom_Footprints:SX1276_Custom (layer F.Cu) (tedit 5FAAD6CC) (tstamp 5FB2ACBC)
    (at 122.792 131.06)
    (path /5FA6FB65)
    (fp_text reference U1 (at 0 0.5) (layer F.SilkS)
      (effects (font (size 1 1) (thickness 0.15)))
    )
    (fp_text value SX1276Custom (at -2.142 -6.6) (layer F.Fab)
      (effects (font (size 1 1) (thickness 0.15)))
    )
    (pad 15 smd oval (at -17.05 16.51) (size 1.524 0.8) (layers F.Cu F.Paste F.Mask)
      (net 14 "Net-(U1-Pad15)"))
    (pad 14 smd oval (at -17.05 17.89) (size 1.524 0.8) (layers F.Cu F.Paste F.Mask)
      (net 1 GND))
    (pad 13 smd oval (at 0 17.78) (size 1.524 0.8) (layers F.Cu F.Paste F.Mask)
      (net 7 RESET))
    (pad 8 smd oval (at 0 11.43) (size 1.524 0.8) (layers F.Cu F.Paste F.Mask)
      (net 13 "Net-(U1-Pad8)"))
    (pad 9 smd oval (at 0 12.7) (size 1.524 0.8) (layers F.Cu F.Paste F.Mask)
      (net 12 "Net-(U1-Pad9)"))
    (pad 7 smd oval (at 0 10.16) (size 1.524 0.8) (layers F.Cu F.Paste F.Mask)
      (net 11 "Net-(U1-Pad7)"))
    (pad 11 smd oval (at 0 15.24) (size 1.524 0.8) (layers F.Cu F.Paste F.Mask)
      (net 10 "Net-(U1-Pad11)"))
    (pad 12 smd oval (at 0 16.51) (size 1.524 0.8) (layers F.Cu F.Paste F.Mask)
      (net 6 DIO0))
    (pad 10 smd oval (at 0 13.97) (size 1.524 0.8) (layers F.Cu F.Paste F.Mask)
      (net 9 "Net-(U1-Pad10)"))
    (pad 5 smd oval (at 0 7.62) (size 1.524 0.8) (layers F.Cu F.Paste F.Mask)
      (net 3 MISO))
    (pad 6 smd oval (at 0 8.89) (size 1.524 0.8) (layers F.Cu F.Paste F.Mask)
      (net 2 SCK))
    (pad 4 smd oval (at 0 6.35) (size 1.524 0.8) (layers F.Cu F.Paste F.Mask)
      (net 4 MOSI))
    (pad 3 smd oval (at 0 5.08) (size 1.524 0.8) (layers F.Cu F.Paste F.Mask)
      (net 5 NSS))
    (pad 2 smd oval (at 0 3.81) (size 1.524 0.8) (layers F.Cu F.Paste F.Mask)
      (net 8 +3V3))
    (pad 1 smd oval (at 0 2.54) (size 1.524 0.8) (layers F.Cu F.Paste F.Mask)
      (net 1 GND))
  )

  (module Connector_PinHeader_2.54mm:PinHeader_1x07_P2.54mm_Vertical (layer F.Cu) (tedit 5FB2A83A) (tstamp 5FB2AC94)
    (at 102.155001 148.59 180)
    (descr "Through hole straight pin header, 1x07, 2.54mm pitch, single row")
    (tags "Through hole pin header THT 1x07 2.54mm single row")
    (path /5FADE5ED)
    (fp_text reference J1 (at 0 -2.33) (layer F.SilkS)
      (effects (font (size 1 1) (thickness 0.15)))
    )
    (fp_text value Conn_01x07 (at -8.334999 24.13) (layer F.Fab)
      (effects (font (size 1 1) (thickness 0.15)))
    )
    (fp_line (start -0.635 -1.27) (end 1.27 -1.27) (layer F.Fab) (width 0.1))
    (fp_line (start 1.27 -1.27) (end 1.27 16.51) (layer F.Fab) (width 0.1))
    (fp_line (start 1.27 16.51) (end -1.27 16.51) (layer F.Fab) (width 0.1))
    (fp_line (start -1.27 16.51) (end -1.27 -0.635) (layer F.Fab) (width 0.1))
    (fp_line (start -1.27 -0.635) (end -0.635 -1.27) (layer F.Fab) (width 0.1))
    (fp_line (start -1.33 16.57) (end 1.33 16.57) (layer F.SilkS) (width 0.12))
    (fp_line (start -1.33 1.27) (end -1.33 16.57) (layer F.SilkS) (width 0.12))
    (fp_line (start 1.33 1.27) (end 1.33 16.57) (layer F.SilkS) (width 0.12))
    (fp_line (start -1.33 1.27) (end 1.33 1.27) (layer F.SilkS) (width 0.12))
    (fp_line (start -1.33 0) (end -1.33 -1.33) (layer F.SilkS) (width 0.12))
    (fp_line (start -1.33 -1.33) (end 0 -1.33) (layer F.SilkS) (width 0.12))
    (fp_line (start -1.8 -1.8) (end -1.8 17.05) (layer F.CrtYd) (width 0.05))
    (fp_line (start -1.8 17.05) (end 1.8 17.05) (layer F.CrtYd) (width 0.05))
    (fp_line (start 1.8 17.05) (end 1.8 -1.8) (layer F.CrtYd) (width 0.05))
    (fp_line (start 1.8 -1.8) (end -1.8 -1.8) (layer F.CrtYd) (width 0.05))
    (fp_text user %R (at 0 7.62 90) (layer F.Fab)
      (effects (font (size 1 1) (thickness 0.15)))
    )
    (pad 7 thru_hole oval (at 0 15.24 180) (size 3 2) (drill 1.3) (layers *.Cu *.Mask)
      (net 7 RESET))
    (pad 6 thru_hole oval (at 0 12.7 180) (size 3 2) (drill 1.3) (layers *.Cu *.Mask)
      (net 6 DIO0))
    (pad 5 thru_hole oval (at 0 10.16 180) (size 3 2) (drill 1.3) (layers *.Cu *.Mask)
      (net 5 NSS))
    (pad 4 thru_hole oval (at 0 7.62 180) (size 3 2) (drill 1.3) (layers *.Cu *.Mask)
      (net 4 MOSI))
    (pad 3 thru_hole oval (at 0 5.08 180) (size 3 2) (drill 1.3) (layers *.Cu *.Mask)
      (net 3 MISO))
    (pad 2 thru_hole oval (at 0 2.54 180) (size 3 2) (drill 1.3) (layers *.Cu *.Mask)
      (net 2 SCK))
    (pad 1 thru_hole rect (at 0 0 180) (size 2 2) (drill 1) (layers *.Cu *.Mask)
      (net 1 GND))
    (model ${KISYS3DMOD}/Connector_PinHeader_2.54mm.3dshapes/PinHeader_1x07_P2.54mm_Vertical.wrl
      (at (xyz 0 0 0))
      (scale (xyz 1 1 1))
      (rotate (xyz 0 0 0))
    )
  )

  (module Connector_PinHeader_2.54mm:PinHeader_1x07_P2.54mm_Vertical (layer F.Cu) (tedit 5FB2A83A) (tstamp 5FB2AFCD)
    (at 102.223581 126.48438 180)
    (descr "Through hole straight pin header, 1x07, 2.54mm pitch, single row")
    (tags "Through hole pin header THT 1x07 2.54mm single row")
    (path /5FADE5ED)
    (fp_text reference J1 (at 0 -2.33) (layer F.SilkS)
      (effects (font (size 1 1) (thickness 0.15)))
    )
    (fp_text value Conn_01x07 (at -8.334999 24.13) (layer F.Fab)
      (effects (font (size 1 1) (thickness 0.15)))
    )
    (fp_text user %R (at 0 7.62 90) (layer F.Fab)
      (effects (font (size 1 1) (thickness 0.15)))
    )
    (fp_line (start 1.8 -1.8) (end -1.8 -1.8) (layer F.CrtYd) (width 0.05))
    (fp_line (start 1.8 17.05) (end 1.8 -1.8) (layer F.CrtYd) (width 0.05))
    (fp_line (start -1.8 17.05) (end 1.8 17.05) (layer F.CrtYd) (width 0.05))
    (fp_line (start -1.8 -1.8) (end -1.8 17.05) (layer F.CrtYd) (width 0.05))
    (fp_line (start -1.33 -1.33) (end 0 -1.33) (layer F.SilkS) (width 0.12))
    (fp_line (start -1.33 0) (end -1.33 -1.33) (layer F.SilkS) (width 0.12))
    (fp_line (start -1.33 1.27) (end 1.33 1.27) (layer F.SilkS) (width 0.12))
    (fp_line (start 1.33 1.27) (end 1.33 16.57) (layer F.SilkS) (width 0.12))
    (fp_line (start -1.33 1.27) (end -1.33 16.57) (layer F.SilkS) (width 0.12))
    (fp_line (start -1.33 16.57) (end 1.33 16.57) (layer F.SilkS) (width 0.12))
    (fp_line (start -1.27 -0.635) (end -0.635 -1.27) (layer F.Fab) (width 0.1))
    (fp_line (start -1.27 16.51) (end -1.27 -0.635) (layer F.Fab) (width 0.1))
    (fp_line (start 1.27 16.51) (end -1.27 16.51) (layer F.Fab) (width 0.1))
    (fp_line (start 1.27 -1.27) (end 1.27 16.51) (layer F.Fab) (width 0.1))
    (fp_line (start -0.635 -1.27) (end 1.27 -1.27) (layer F.Fab) (width 0.1))
    (pad 1 thru_hole rect (at 0 0 180) (size 2 2) (drill 1) (layers *.Cu *.Mask)
      (net 1 GND))
    (pad 2 thru_hole oval (at 0 2.54 180) (size 3 2) (drill 1.3) (layers *.Cu *.Mask)
      (net 2 SCK))
    (pad 3 thru_hole oval (at 0 5.08 180) (size 3 2) (drill 1.3) (layers *.Cu *.Mask)
      (net 3 MISO))
    (pad 4 thru_hole oval (at 0 7.62 180) (size 3 2) (drill 1.3) (layers *.Cu *.Mask)
      (net 4 MOSI))
    (pad 5 thru_hole oval (at 0 10.16 180) (size 3 2) (drill 1.3) (layers *.Cu *.Mask)
      (net 5 NSS))
    (pad 6 thru_hole oval (at 0 12.7 180) (size 3 2) (drill 1.3) (layers *.Cu *.Mask)
      (net 6 DIO0))
    (pad 7 thru_hole oval (at 0 15.24 180) (size 3 2) (drill 1.3) (layers *.Cu *.Mask)
      (net 7 RESET))
    (model ${KISYS3DMOD}/Connector_PinHeader_2.54mm.3dshapes/PinHeader_1x07_P2.54mm_Vertical.wrl
      (at (xyz 0 0 0))
      (scale (xyz 1 1 1))
      (rotate (xyz 0 0 0))
    )
  )

  (module Resistor_SMD:R_1206_3216Metric (layer F.Cu) (tedit 5B301BBD) (tstamp 5FB2AF2A)
    (at 111.91858 109.05438 180)
    (descr "Resistor SMD 1206 (3216 Metric), square (rectangular) end terminal, IPC_7351 nominal, (Body size source: http://www.tortai-tech.com/upload/download/2011102023233369053.pdf), generated with kicad-footprint-generator")
    (tags resistor)
    (path /5FAD5946)
    (attr smd)
    (fp_text reference R2 (at 0 -1.82) (layer F.SilkS)
      (effects (font (size 1 1) (thickness 0.15)))
    )
    (fp_text value R (at 0 1.82) (layer F.Fab)
      (effects (font (size 1 1) (thickness 0.15)))
    )
    (fp_text user %R (at 0 0) (layer F.Fab)
      (effects (font (size 0.8 0.8) (thickness 0.12)))
    )
    (fp_line (start 2.28 1.12) (end -2.28 1.12) (layer F.CrtYd) (width 0.05))
    (fp_line (start 2.28 -1.12) (end 2.28 1.12) (layer F.CrtYd) (width 0.05))
    (fp_line (start -2.28 -1.12) (end 2.28 -1.12) (layer F.CrtYd) (width 0.05))
    (fp_line (start -2.28 1.12) (end -2.28 -1.12) (layer F.CrtYd) (width 0.05))
    (fp_line (start -0.602064 0.91) (end 0.602064 0.91) (layer F.SilkS) (width 0.12))
    (fp_line (start -0.602064 -0.91) (end 0.602064 -0.91) (layer F.SilkS) (width 0.12))
    (fp_line (start 1.6 0.8) (end -1.6 0.8) (layer F.Fab) (width 0.1))
    (fp_line (start 1.6 -0.8) (end 1.6 0.8) (layer F.Fab) (width 0.1))
    (fp_line (start -1.6 -0.8) (end 1.6 -0.8) (layer F.Fab) (width 0.1))
    (fp_line (start -1.6 0.8) (end -1.6 -0.8) (layer F.Fab) (width 0.1))
    (pad 1 smd roundrect (at -1.4 0 180) (size 1.25 1.75) (layers F.Cu F.Paste F.Mask) (roundrect_rratio 0.2)
      (net 7 RESET))
    (pad 2 smd roundrect (at 1.4 0 180) (size 1.25 1.75) (layers F.Cu F.Paste F.Mask) (roundrect_rratio 0.2)
      (net 7 RESET))
    (model ${KISYS3DMOD}/Resistor_SMD.3dshapes/R_1206_3216Metric.wrl
      (at (xyz 0 0 0))
      (scale (xyz 1 1 1))
      (rotate (xyz 0 0 0))
    )
  )

  (module Resistor_SMD:R_1206_3216Metric (layer F.Cu) (tedit 5B301BBD) (tstamp 5FB2AF66)
    (at 110.66858 113.20438 180)
    (descr "Resistor SMD 1206 (3216 Metric), square (rectangular) end terminal, IPC_7351 nominal, (Body size source: http://www.tortai-tech.com/upload/download/2011102023233369053.pdf), generated with kicad-footprint-generator")
    (tags resistor)
    (path /5FAD418D)
    (attr smd)
    (fp_text reference R1 (at 0 -1.82) (layer F.SilkS)
      (effects (font (size 1 1) (thickness 0.15)))
    )
    (fp_text value R (at 0 1.82) (layer F.Fab)
      (effects (font (size 1 1) (thickness 0.15)))
    )
    (fp_text user %R (at 0 0) (layer F.Fab)
      (effects (font (size 0.8 0.8) (thickness 0.12)))
    )
    (fp_line (start 2.28 1.12) (end -2.28 1.12) (layer F.CrtYd) (width 0.05))
    (fp_line (start 2.28 -1.12) (end 2.28 1.12) (layer F.CrtYd) (width 0.05))
    (fp_line (start -2.28 -1.12) (end 2.28 -1.12) (layer F.CrtYd) (width 0.05))
    (fp_line (start -2.28 1.12) (end -2.28 -1.12) (layer F.CrtYd) (width 0.05))
    (fp_line (start -0.602064 0.91) (end 0.602064 0.91) (layer F.SilkS) (width 0.12))
    (fp_line (start -0.602064 -0.91) (end 0.602064 -0.91) (layer F.SilkS) (width 0.12))
    (fp_line (start 1.6 0.8) (end -1.6 0.8) (layer F.Fab) (width 0.1))
    (fp_line (start 1.6 -0.8) (end 1.6 0.8) (layer F.Fab) (width 0.1))
    (fp_line (start -1.6 -0.8) (end 1.6 -0.8) (layer F.Fab) (width 0.1))
    (fp_line (start -1.6 0.8) (end -1.6 -0.8) (layer F.Fab) (width 0.1))
    (pad 1 smd roundrect (at -1.4 0 180) (size 1.25 1.75) (layers F.Cu F.Paste F.Mask) (roundrect_rratio 0.2)
      (net 6 DIO0))
    (pad 2 smd roundrect (at 1.4 0 180) (size 1.25 1.75) (layers F.Cu F.Paste F.Mask) (roundrect_rratio 0.2)
      (net 6 DIO0))
    (model ${KISYS3DMOD}/Resistor_SMD.3dshapes/R_1206_3216Metric.wrl
      (at (xyz 0 0 0))
      (scale (xyz 1 1 1))
      (rotate (xyz 0 0 0))
    )
  )

  (module Custom_Footprints:SX1276_Custom (layer F.Cu) (tedit 5FAAD6CC) (tstamp 5FB2AEF0)
    (at 122.86058 108.95438)
    (path /5FA6FB65)
    (fp_text reference U1 (at 0 0.5) (layer F.SilkS)
      (effects (font (size 1 1) (thickness 0.15)))
    )
    (fp_text value SX1276Custom (at -2.142 -6.6) (layer F.Fab)
      (effects (font (size 1 1) (thickness 0.15)))
    )
    (pad 1 smd oval (at 0 2.54) (size 1.524 0.8) (layers F.Cu F.Paste F.Mask)
      (net 1 GND))
    (pad 2 smd oval (at 0 3.81) (size 1.524 0.8) (layers F.Cu F.Paste F.Mask)
      (net 8 +3V3))
    (pad 3 smd oval (at 0 5.08) (size 1.524 0.8) (layers F.Cu F.Paste F.Mask)
      (net 5 NSS))
    (pad 4 smd oval (at 0 6.35) (size 1.524 0.8) (layers F.Cu F.Paste F.Mask)
      (net 4 MOSI))
    (pad 6 smd oval (at 0 8.89) (size 1.524 0.8) (layers F.Cu F.Paste F.Mask)
      (net 2 SCK))
    (pad 5 smd oval (at 0 7.62) (size 1.524 0.8) (layers F.Cu F.Paste F.Mask)
      (net 3 MISO))
    (pad 10 smd oval (at 0 13.97) (size 1.524 0.8) (layers F.Cu F.Paste F.Mask)
      (net 9 "Net-(U1-Pad10)"))
    (pad 12 smd oval (at 0 16.51) (size 1.524 0.8) (layers F.Cu F.Paste F.Mask)
      (net 6 DIO0))
    (pad 11 smd oval (at 0 15.24) (size 1.524 0.8) (layers F.Cu F.Paste F.Mask)
      (net 10 "Net-(U1-Pad11)"))
    (pad 7 smd oval (at 0 10.16) (size 1.524 0.8) (layers F.Cu F.Paste F.Mask)
      (net 11 "Net-(U1-Pad7)"))
    (pad 9 smd oval (at 0 12.7) (size 1.524 0.8) (layers F.Cu F.Paste F.Mask)
      (net 12 "Net-(U1-Pad9)"))
    (pad 8 smd oval (at 0 11.43) (size 1.524 0.8) (layers F.Cu F.Paste F.Mask)
      (net 13 "Net-(U1-Pad8)"))
    (pad 13 smd oval (at 0 17.78) (size 1.524 0.8) (layers F.Cu F.Paste F.Mask)
      (net 7 RESET))
    (pad 14 smd oval (at -17.05 17.89) (size 1.524 0.8) (layers F.Cu F.Paste F.Mask)
      (net 1 GND))
    (pad 15 smd oval (at -17.05 16.51) (size 1.524 0.8) (layers F.Cu F.Paste F.Mask)
      (net 14 "Net-(U1-Pad15)"))
  )

  (module Resistor_SMD:R_1206_3216Metric (layer F.Cu) (tedit 5B301BBD) (tstamp 5FB2AC12)
    (at 110.6 135.31 180)
    (descr "Resistor SMD 1206 (3216 Metric), square (rectangular) end terminal, IPC_7351 nominal, (Body size source: http://www.tortai-tech.com/upload/download/2011102023233369053.pdf), generated with kicad-footprint-generator")
    (tags resistor)
    (path /5FAD418D)
    (attr smd)
    (fp_text reference R1 (at 0 -1.82) (layer F.SilkS)
      (effects (font (size 1 1) (thickness 0.15)))
    )
    (fp_text value R (at 0 1.82) (layer F.Fab)
      (effects (font (size 1 1) (thickness 0.15)))
    )
    (fp_line (start -1.6 0.8) (end -1.6 -0.8) (layer F.Fab) (width 0.1))
    (fp_line (start -1.6 -0.8) (end 1.6 -0.8) (layer F.Fab) (width 0.1))
    (fp_line (start 1.6 -0.8) (end 1.6 0.8) (layer F.Fab) (width 0.1))
    (fp_line (start 1.6 0.8) (end -1.6 0.8) (layer F.Fab) (width 0.1))
    (fp_line (start -0.602064 -0.91) (end 0.602064 -0.91) (layer F.SilkS) (width 0.12))
    (fp_line (start -0.602064 0.91) (end 0.602064 0.91) (layer F.SilkS) (width 0.12))
    (fp_line (start -2.28 1.12) (end -2.28 -1.12) (layer F.CrtYd) (width 0.05))
    (fp_line (start -2.28 -1.12) (end 2.28 -1.12) (layer F.CrtYd) (width 0.05))
    (fp_line (start 2.28 -1.12) (end 2.28 1.12) (layer F.CrtYd) (width 0.05))
    (fp_line (start 2.28 1.12) (end -2.28 1.12) (layer F.CrtYd) (width 0.05))
    (fp_text user %R (at 0 0) (layer F.Fab)
      (effects (font (size 0.8 0.8) (thickness 0.12)))
    )
    (pad 2 smd roundrect (at 1.4 0 180) (size 1.25 1.75) (layers F.Cu F.Paste F.Mask) (roundrect_rratio 0.2)
      (net 6 DIO0))
    (pad 1 smd roundrect (at -1.4 0 180) (size 1.25 1.75) (layers F.Cu F.Paste F.Mask) (roundrect_rratio 0.2)
      (net 6 DIO0))
    (model ${KISYS3DMOD}/Resistor_SMD.3dshapes/R_1206_3216Metric.wrl
      (at (xyz 0 0 0))
      (scale (xyz 1 1 1))
      (rotate (xyz 0 0 0))
    )
  )

  (module Connector_PinHeader_2.54mm:PinHeader_1x07_P2.54mm_Vertical (layer F.Cu) (tedit 5FB2A83A) (tstamp 5FB2AB56)
    (at 72.945001 148.59 180)
    (descr "Through hole straight pin header, 1x07, 2.54mm pitch, single row")
    (tags "Through hole pin header THT 1x07 2.54mm single row")
    (path /5FADE5ED)
    (fp_text reference J1 (at 0 -2.33) (layer F.SilkS)
      (effects (font (size 1 1) (thickness 0.15)))
    )
    (fp_text value Conn_01x07 (at -8.334999 24.13) (layer F.Fab)
      (effects (font (size 1 1) (thickness 0.15)))
    )
    (fp_text user %R (at 0 7.62 90) (layer F.Fab)
      (effects (font (size 1 1) (thickness 0.15)))
    )
    (fp_line (start 1.8 -1.8) (end -1.8 -1.8) (layer F.CrtYd) (width 0.05))
    (fp_line (start 1.8 17.05) (end 1.8 -1.8) (layer F.CrtYd) (width 0.05))
    (fp_line (start -1.8 17.05) (end 1.8 17.05) (layer F.CrtYd) (width 0.05))
    (fp_line (start -1.8 -1.8) (end -1.8 17.05) (layer F.CrtYd) (width 0.05))
    (fp_line (start -1.33 -1.33) (end 0 -1.33) (layer F.SilkS) (width 0.12))
    (fp_line (start -1.33 0) (end -1.33 -1.33) (layer F.SilkS) (width 0.12))
    (fp_line (start -1.33 1.27) (end 1.33 1.27) (layer F.SilkS) (width 0.12))
    (fp_line (start 1.33 1.27) (end 1.33 16.57) (layer F.SilkS) (width 0.12))
    (fp_line (start -1.33 1.27) (end -1.33 16.57) (layer F.SilkS) (width 0.12))
    (fp_line (start -1.33 16.57) (end 1.33 16.57) (layer F.SilkS) (width 0.12))
    (fp_line (start -1.27 -0.635) (end -0.635 -1.27) (layer F.Fab) (width 0.1))
    (fp_line (start -1.27 16.51) (end -1.27 -0.635) (layer F.Fab) (width 0.1))
    (fp_line (start 1.27 16.51) (end -1.27 16.51) (layer F.Fab) (width 0.1))
    (fp_line (start 1.27 -1.27) (end 1.27 16.51) (layer F.Fab) (width 0.1))
    (fp_line (start -0.635 -1.27) (end 1.27 -1.27) (layer F.Fab) (width 0.1))
    (pad 1 thru_hole rect (at 0 0 180) (size 2 2) (drill 1) (layers *.Cu *.Mask)
      (net 1 GND))
    (pad 2 thru_hole oval (at 0 2.54 180) (size 3 2) (drill 1.3) (layers *.Cu *.Mask)
      (net 2 SCK))
    (pad 3 thru_hole oval (at 0 5.08 180) (size 3 2) (drill 1.3) (layers *.Cu *.Mask)
      (net 3 MISO))
    (pad 4 thru_hole oval (at 0 7.62 180) (size 3 2) (drill 1.3) (layers *.Cu *.Mask)
      (net 4 MOSI))
    (pad 5 thru_hole oval (at 0 10.16 180) (size 3 2) (drill 1.3) (layers *.Cu *.Mask)
      (net 5 NSS))
    (pad 6 thru_hole oval (at 0 12.7 180) (size 3 2) (drill 1.3) (layers *.Cu *.Mask)
      (net 6 DIO0))
    (pad 7 thru_hole oval (at 0 15.24 180) (size 3 2) (drill 1.3) (layers *.Cu *.Mask)
      (net 7 RESET))
    (model ${KISYS3DMOD}/Connector_PinHeader_2.54mm.3dshapes/PinHeader_1x07_P2.54mm_Vertical.wrl
      (at (xyz 0 0 0))
      (scale (xyz 1 1 1))
      (rotate (xyz 0 0 0))
    )
  )

  (module Resistor_SMD:R_1206_3216Metric (layer F.Cu) (tedit 5B301BBD) (tstamp 5FB2AB45)
    (at 82.64 131.16 180)
    (descr "Resistor SMD 1206 (3216 Metric), square (rectangular) end terminal, IPC_7351 nominal, (Body size source: http://www.tortai-tech.com/upload/download/2011102023233369053.pdf), generated with kicad-footprint-generator")
    (tags resistor)
    (path /5FAD5946)
    (attr smd)
    (fp_text reference R2 (at 0 -1.82) (layer F.SilkS)
      (effects (font (size 1 1) (thickness 0.15)))
    )
    (fp_text value R (at 0 1.82) (layer F.Fab)
      (effects (font (size 1 1) (thickness 0.15)))
    )
    (fp_text user %R (at 0 0) (layer F.Fab)
      (effects (font (size 0.8 0.8) (thickness 0.12)))
    )
    (fp_line (start 2.28 1.12) (end -2.28 1.12) (layer F.CrtYd) (width 0.05))
    (fp_line (start 2.28 -1.12) (end 2.28 1.12) (layer F.CrtYd) (width 0.05))
    (fp_line (start -2.28 -1.12) (end 2.28 -1.12) (layer F.CrtYd) (width 0.05))
    (fp_line (start -2.28 1.12) (end -2.28 -1.12) (layer F.CrtYd) (width 0.05))
    (fp_line (start -0.602064 0.91) (end 0.602064 0.91) (layer F.SilkS) (width 0.12))
    (fp_line (start -0.602064 -0.91) (end 0.602064 -0.91) (layer F.SilkS) (width 0.12))
    (fp_line (start 1.6 0.8) (end -1.6 0.8) (layer F.Fab) (width 0.1))
    (fp_line (start 1.6 -0.8) (end 1.6 0.8) (layer F.Fab) (width 0.1))
    (fp_line (start -1.6 -0.8) (end 1.6 -0.8) (layer F.Fab) (width 0.1))
    (fp_line (start -1.6 0.8) (end -1.6 -0.8) (layer F.Fab) (width 0.1))
    (pad 1 smd roundrect (at -1.4 0 180) (size 1.25 1.75) (layers F.Cu F.Paste F.Mask) (roundrect_rratio 0.2)
      (net 7 RESET))
    (pad 2 smd roundrect (at 1.4 0 180) (size 1.25 1.75) (layers F.Cu F.Paste F.Mask) (roundrect_rratio 0.2)
      (net 7 RESET))
    (model ${KISYS3DMOD}/Resistor_SMD.3dshapes/R_1206_3216Metric.wrl
      (at (xyz 0 0 0))
      (scale (xyz 1 1 1))
      (rotate (xyz 0 0 0))
    )
  )

  (module Resistor_SMD:R_1206_3216Metric (layer F.Cu) (tedit 5B301BBD) (tstamp 5FB2AB26)
    (at 81.39 135.31 180)
    (descr "Resistor SMD 1206 (3216 Metric), square (rectangular) end terminal, IPC_7351 nominal, (Body size source: http://www.tortai-tech.com/upload/download/2011102023233369053.pdf), generated with kicad-footprint-generator")
    (tags resistor)
    (path /5FAD418D)
    (attr smd)
    (fp_text reference R1 (at 0 -1.82) (layer F.SilkS)
      (effects (font (size 1 1) (thickness 0.15)))
    )
    (fp_text value R (at 0 1.82) (layer F.Fab)
      (effects (font (size 1 1) (thickness 0.15)))
    )
    (fp_text user %R (at 0 0) (layer F.Fab)
      (effects (font (size 0.8 0.8) (thickness 0.12)))
    )
    (fp_line (start 2.28 1.12) (end -2.28 1.12) (layer F.CrtYd) (width 0.05))
    (fp_line (start 2.28 -1.12) (end 2.28 1.12) (layer F.CrtYd) (width 0.05))
    (fp_line (start -2.28 -1.12) (end 2.28 -1.12) (layer F.CrtYd) (width 0.05))
    (fp_line (start -2.28 1.12) (end -2.28 -1.12) (layer F.CrtYd) (width 0.05))
    (fp_line (start -0.602064 0.91) (end 0.602064 0.91) (layer F.SilkS) (width 0.12))
    (fp_line (start -0.602064 -0.91) (end 0.602064 -0.91) (layer F.SilkS) (width 0.12))
    (fp_line (start 1.6 0.8) (end -1.6 0.8) (layer F.Fab) (width 0.1))
    (fp_line (start 1.6 -0.8) (end 1.6 0.8) (layer F.Fab) (width 0.1))
    (fp_line (start -1.6 -0.8) (end 1.6 -0.8) (layer F.Fab) (width 0.1))
    (fp_line (start -1.6 0.8) (end -1.6 -0.8) (layer F.Fab) (width 0.1))
    (pad 1 smd roundrect (at -1.4 0 180) (size 1.25 1.75) (layers F.Cu F.Paste F.Mask) (roundrect_rratio 0.2)
      (net 6 DIO0))
    (pad 2 smd roundrect (at 1.4 0 180) (size 1.25 1.75) (layers F.Cu F.Paste F.Mask) (roundrect_rratio 0.2)
      (net 6 DIO0))
    (model ${KISYS3DMOD}/Resistor_SMD.3dshapes/R_1206_3216Metric.wrl
      (at (xyz 0 0 0))
      (scale (xyz 1 1 1))
      (rotate (xyz 0 0 0))
    )
  )

  (module Custom_Footprints:SX1276_Custom (layer F.Cu) (tedit 5FAAD6CC) (tstamp 5FB2AB14)
    (at 93.582 131.06)
    (path /5FA6FB65)
    (fp_text reference U1 (at 0 0.5) (layer F.SilkS)
      (effects (font (size 1 1) (thickness 0.15)))
    )
    (fp_text value SX1276Custom (at -2.142 -6.6) (layer F.Fab)
      (effects (font (size 1 1) (thickness 0.15)))
    )
    (pad 1 smd oval (at 0 2.54) (size 1.524 0.8) (layers F.Cu F.Paste F.Mask)
      (net 1 GND))
    (pad 2 smd oval (at 0 3.81) (size 1.524 0.8) (layers F.Cu F.Paste F.Mask)
      (net 8 +3V3))
    (pad 3 smd oval (at 0 5.08) (size 1.524 0.8) (layers F.Cu F.Paste F.Mask)
      (net 5 NSS))
    (pad 4 smd oval (at 0 6.35) (size 1.524 0.8) (layers F.Cu F.Paste F.Mask)
      (net 4 MOSI))
    (pad 6 smd oval (at 0 8.89) (size 1.524 0.8) (layers F.Cu F.Paste F.Mask)
      (net 2 SCK))
    (pad 5 smd oval (at 0 7.62) (size 1.524 0.8) (layers F.Cu F.Paste F.Mask)
      (net 3 MISO))
    (pad 10 smd oval (at 0 13.97) (size 1.524 0.8) (layers F.Cu F.Paste F.Mask)
      (net 9 "Net-(U1-Pad10)"))
    (pad 12 smd oval (at 0 16.51) (size 1.524 0.8) (layers F.Cu F.Paste F.Mask)
      (net 6 DIO0))
    (pad 11 smd oval (at 0 15.24) (size 1.524 0.8) (layers F.Cu F.Paste F.Mask)
      (net 10 "Net-(U1-Pad11)"))
    (pad 7 smd oval (at 0 10.16) (size 1.524 0.8) (layers F.Cu F.Paste F.Mask)
      (net 11 "Net-(U1-Pad7)"))
    (pad 9 smd oval (at 0 12.7) (size 1.524 0.8) (layers F.Cu F.Paste F.Mask)
      (net 12 "Net-(U1-Pad9)"))
    (pad 8 smd oval (at 0 11.43) (size 1.524 0.8) (layers F.Cu F.Paste F.Mask)
      (net 13 "Net-(U1-Pad8)"))
    (pad 13 smd oval (at 0 17.78) (size 1.524 0.8) (layers F.Cu F.Paste F.Mask)
      (net 7 RESET))
    (pad 14 smd oval (at -17.05 17.89) (size 1.524 0.8) (layers F.Cu F.Paste F.Mask)
      (net 1 GND))
    (pad 15 smd oval (at -17.05 16.51) (size 1.524 0.8) (layers F.Cu F.Paste F.Mask)
      (net 14 "Net-(U1-Pad15)"))
  )

  (module Resistor_SMD:R_1206_3216Metric (layer F.Cu) (tedit 5B301BBD) (tstamp 5FB2B083)
    (at 82.70858 109.05438 180)
    (descr "Resistor SMD 1206 (3216 Metric), square (rectangular) end terminal, IPC_7351 nominal, (Body size source: http://www.tortai-tech.com/upload/download/2011102023233369053.pdf), generated with kicad-footprint-generator")
    (tags resistor)
    (path /5FAD5946)
    (attr smd)
    (fp_text reference R2 (at 0 -1.82) (layer F.SilkS)
      (effects (font (size 1 1) (thickness 0.15)))
    )
    (fp_text value R (at 0 1.82) (layer F.Fab)
      (effects (font (size 1 1) (thickness 0.15)))
    )
    (fp_line (start -1.6 0.8) (end -1.6 -0.8) (layer F.Fab) (width 0.1))
    (fp_line (start -1.6 -0.8) (end 1.6 -0.8) (layer F.Fab) (width 0.1))
    (fp_line (start 1.6 -0.8) (end 1.6 0.8) (layer F.Fab) (width 0.1))
    (fp_line (start 1.6 0.8) (end -1.6 0.8) (layer F.Fab) (width 0.1))
    (fp_line (start -0.602064 -0.91) (end 0.602064 -0.91) (layer F.SilkS) (width 0.12))
    (fp_line (start -0.602064 0.91) (end 0.602064 0.91) (layer F.SilkS) (width 0.12))
    (fp_line (start -2.28 1.12) (end -2.28 -1.12) (layer F.CrtYd) (width 0.05))
    (fp_line (start -2.28 -1.12) (end 2.28 -1.12) (layer F.CrtYd) (width 0.05))
    (fp_line (start 2.28 -1.12) (end 2.28 1.12) (layer F.CrtYd) (width 0.05))
    (fp_line (start 2.28 1.12) (end -2.28 1.12) (layer F.CrtYd) (width 0.05))
    (fp_text user %R (at 0 0) (layer F.Fab)
      (effects (font (size 0.8 0.8) (thickness 0.12)))
    )
    (pad 2 smd roundrect (at 1.4 0 180) (size 1.25 1.75) (layers F.Cu F.Paste F.Mask) (roundrect_rratio 0.2)
      (net 7 RESET))
    (pad 1 smd roundrect (at -1.4 0 180) (size 1.25 1.75) (layers F.Cu F.Paste F.Mask) (roundrect_rratio 0.2)
      (net 7 RESET))
    (model ${KISYS3DMOD}/Resistor_SMD.3dshapes/R_1206_3216Metric.wrl
      (at (xyz 0 0 0))
      (scale (xyz 1 1 1))
      (rotate (xyz 0 0 0))
    )
  )

  (module Connector_PinHeader_2.54mm:PinHeader_1x07_P2.54mm_Vertical (layer F.Cu) (tedit 5FB2A83A) (tstamp 5FB2B02D)
    (at 73.013581 126.48438 180)
    (descr "Through hole straight pin header, 1x07, 2.54mm pitch, single row")
    (tags "Through hole pin header THT 1x07 2.54mm single row")
    (path /5FADE5ED)
    (fp_text reference J1 (at 0 -2.33) (layer F.SilkS)
      (effects (font (size 1 1) (thickness 0.15)))
    )
    (fp_text value Conn_01x07 (at -8.334999 24.13) (layer F.Fab)
      (effects (font (size 1 1) (thickness 0.15)))
    )
    (fp_line (start -0.635 -1.27) (end 1.27 -1.27) (layer F.Fab) (width 0.1))
    (fp_line (start 1.27 -1.27) (end 1.27 16.51) (layer F.Fab) (width 0.1))
    (fp_line (start 1.27 16.51) (end -1.27 16.51) (layer F.Fab) (width 0.1))
    (fp_line (start -1.27 16.51) (end -1.27 -0.635) (layer F.Fab) (width 0.1))
    (fp_line (start -1.27 -0.635) (end -0.635 -1.27) (layer F.Fab) (width 0.1))
    (fp_line (start -1.33 16.57) (end 1.33 16.57) (layer F.SilkS) (width 0.12))
    (fp_line (start -1.33 1.27) (end -1.33 16.57) (layer F.SilkS) (width 0.12))
    (fp_line (start 1.33 1.27) (end 1.33 16.57) (layer F.SilkS) (width 0.12))
    (fp_line (start -1.33 1.27) (end 1.33 1.27) (layer F.SilkS) (width 0.12))
    (fp_line (start -1.33 0) (end -1.33 -1.33) (layer F.SilkS) (width 0.12))
    (fp_line (start -1.33 -1.33) (end 0 -1.33) (layer F.SilkS) (width 0.12))
    (fp_line (start -1.8 -1.8) (end -1.8 17.05) (layer F.CrtYd) (width 0.05))
    (fp_line (start -1.8 17.05) (end 1.8 17.05) (layer F.CrtYd) (width 0.05))
    (fp_line (start 1.8 17.05) (end 1.8 -1.8) (layer F.CrtYd) (width 0.05))
    (fp_line (start 1.8 -1.8) (end -1.8 -1.8) (layer F.CrtYd) (width 0.05))
    (fp_text user %R (at 0 7.62 90) (layer F.Fab)
      (effects (font (size 1 1) (thickness 0.15)))
    )
    (pad 7 thru_hole oval (at 0 15.24 180) (size 3 2) (drill 1.3) (layers *.Cu *.Mask)
      (net 7 RESET))
    (pad 6 thru_hole oval (at 0 12.7 180) (size 3 2) (drill 1.3) (layers *.Cu *.Mask)
      (net 6 DIO0))
    (pad 5 thru_hole oval (at 0 10.16 180) (size 3 2) (drill 1.3) (layers *.Cu *.Mask)
      (net 5 NSS))
    (pad 4 thru_hole oval (at 0 7.62 180) (size 3 2) (drill 1.3) (layers *.Cu *.Mask)
      (net 4 MOSI))
    (pad 3 thru_hole oval (at 0 5.08 180) (size 3 2) (drill 1.3) (layers *.Cu *.Mask)
      (net 3 MISO))
    (pad 2 thru_hole oval (at 0 2.54 180) (size 3 2) (drill 1.3) (layers *.Cu *.Mask)
      (net 2 SCK))
    (pad 1 thru_hole rect (at 0 0 180) (size 2 2) (drill 1) (layers *.Cu *.Mask)
      (net 1 GND))
    (model ${KISYS3DMOD}/Connector_PinHeader_2.54mm.3dshapes/PinHeader_1x07_P2.54mm_Vertical.wrl
      (at (xyz 0 0 0))
      (scale (xyz 1 1 1))
      (rotate (xyz 0 0 0))
    )
  )

  (module Resistor_SMD:R_1206_3216Metric (layer F.Cu) (tedit 5B301BBD) (tstamp 5FB2B0E3)
    (at 81.45858 113.20438 180)
    (descr "Resistor SMD 1206 (3216 Metric), square (rectangular) end terminal, IPC_7351 nominal, (Body size source: http://www.tortai-tech.com/upload/download/2011102023233369053.pdf), generated with kicad-footprint-generator")
    (tags resistor)
    (path /5FAD418D)
    (attr smd)
    (fp_text reference R1 (at 0 -1.82) (layer F.SilkS)
      (effects (font (size 1 1) (thickness 0.15)))
    )
    (fp_text value R (at 0 1.82) (layer F.Fab)
      (effects (font (size 1 1) (thickness 0.15)))
    )
    (fp_line (start -1.6 0.8) (end -1.6 -0.8) (layer F.Fab) (width 0.1))
    (fp_line (start -1.6 -0.8) (end 1.6 -0.8) (layer F.Fab) (width 0.1))
    (fp_line (start 1.6 -0.8) (end 1.6 0.8) (layer F.Fab) (width 0.1))
    (fp_line (start 1.6 0.8) (end -1.6 0.8) (layer F.Fab) (width 0.1))
    (fp_line (start -0.602064 -0.91) (end 0.602064 -0.91) (layer F.SilkS) (width 0.12))
    (fp_line (start -0.602064 0.91) (end 0.602064 0.91) (layer F.SilkS) (width 0.12))
    (fp_line (start -2.28 1.12) (end -2.28 -1.12) (layer F.CrtYd) (width 0.05))
    (fp_line (start -2.28 -1.12) (end 2.28 -1.12) (layer F.CrtYd) (width 0.05))
    (fp_line (start 2.28 -1.12) (end 2.28 1.12) (layer F.CrtYd) (width 0.05))
    (fp_line (start 2.28 1.12) (end -2.28 1.12) (layer F.CrtYd) (width 0.05))
    (fp_text user %R (at 0 0) (layer F.Fab)
      (effects (font (size 0.8 0.8) (thickness 0.12)))
    )
    (pad 2 smd roundrect (at 1.4 0 180) (size 1.25 1.75) (layers F.Cu F.Paste F.Mask) (roundrect_rratio 0.2)
      (net 6 DIO0))
    (pad 1 smd roundrect (at -1.4 0 180) (size 1.25 1.75) (layers F.Cu F.Paste F.Mask) (roundrect_rratio 0.2)
      (net 6 DIO0))
    (model ${KISYS3DMOD}/Resistor_SMD.3dshapes/R_1206_3216Metric.wrl
      (at (xyz 0 0 0))
      (scale (xyz 1 1 1))
      (rotate (xyz 0 0 0))
    )
  )

  (module Custom_Footprints:SX1276_Custom (layer F.Cu) (tedit 5FAAD6CC) (tstamp 5FB2B115)
    (at 93.65058 108.95438)
    (path /5FA6FB65)
    (fp_text reference U1 (at 0 0.5) (layer F.SilkS)
      (effects (font (size 1 1) (thickness 0.15)))
    )
    (fp_text value SX1276Custom (at -2.142 -6.6) (layer F.Fab)
      (effects (font (size 1 1) (thickness 0.15)))
    )
    (pad 15 smd oval (at -17.05 16.51) (size 1.524 0.8) (layers F.Cu F.Paste F.Mask)
      (net 14 "Net-(U1-Pad15)"))
    (pad 14 smd oval (at -17.05 17.89) (size 1.524 0.8) (layers F.Cu F.Paste F.Mask)
      (net 1 GND))
    (pad 13 smd oval (at 0 17.78) (size 1.524 0.8) (layers F.Cu F.Paste F.Mask)
      (net 7 RESET))
    (pad 8 smd oval (at 0 11.43) (size 1.524 0.8) (layers F.Cu F.Paste F.Mask)
      (net 13 "Net-(U1-Pad8)"))
    (pad 9 smd oval (at 0 12.7) (size 1.524 0.8) (layers F.Cu F.Paste F.Mask)
      (net 12 "Net-(U1-Pad9)"))
    (pad 7 smd oval (at 0 10.16) (size 1.524 0.8) (layers F.Cu F.Paste F.Mask)
      (net 11 "Net-(U1-Pad7)"))
    (pad 11 smd oval (at 0 15.24) (size 1.524 0.8) (layers F.Cu F.Paste F.Mask)
      (net 10 "Net-(U1-Pad11)"))
    (pad 12 smd oval (at 0 16.51) (size 1.524 0.8) (layers F.Cu F.Paste F.Mask)
      (net 6 DIO0))
    (pad 10 smd oval (at 0 13.97) (size 1.524 0.8) (layers F.Cu F.Paste F.Mask)
      (net 9 "Net-(U1-Pad10)"))
    (pad 5 smd oval (at 0 7.62) (size 1.524 0.8) (layers F.Cu F.Paste F.Mask)
      (net 3 MISO))
    (pad 6 smd oval (at 0 8.89) (size 1.524 0.8) (layers F.Cu F.Paste F.Mask)
      (net 2 SCK))
    (pad 4 smd oval (at 0 6.35) (size 1.524 0.8) (layers F.Cu F.Paste F.Mask)
      (net 4 MOSI))
    (pad 3 smd oval (at 0 5.08) (size 1.524 0.8) (layers F.Cu F.Paste F.Mask)
      (net 5 NSS))
    (pad 2 smd oval (at 0 3.81) (size 1.524 0.8) (layers F.Cu F.Paste F.Mask)
      (net 8 +3V3))
    (pad 1 smd oval (at 0 2.54) (size 1.524 0.8) (layers F.Cu F.Paste F.Mask)
      (net 1 GND))
  )

  (segment (start 93.533262 117.84438) (end 93.65058 117.84438) (width 0.75) (layer F.Cu) (net 2) (tstamp 5FB2B00E))
  (segment (start 93.65058 117.84438) (end 92.26858 117.84438) (width 0.75) (layer F.Cu) (net 2) (tstamp 5FB2B002))
  (segment (start 85.46858 123.94438) (end 73.013581 123.94438) (width 0.75) (layer F.Cu) (net 2) (tstamp 5FB2B167))
  (segment (start 92.26858 117.84438) (end 86.16858 123.94438) (width 0.75) (layer F.Cu) (net 2) (tstamp 5FB2B164))
  (segment (start 86.16858 123.94438) (end 85.46858 123.94438) (width 0.75) (layer F.Cu) (net 2) (tstamp 5FB2B161))
  (segment (start 85.4 146.05) (end 72.945001 146.05) (width 0.75) (layer F.Cu) (net 2) (tstamp 5FB2AB07))
  (segment (start 92.2 139.95) (end 86.1 146.05) (width 0.75) (layer F.Cu) (net 2) (tstamp 5FB2AB08))
  (segment (start 86.1 146.05) (end 85.4 146.05) (width 0.75) (layer F.Cu) (net 2) (tstamp 5FB2AB09))
  (segment (start 93.464682 139.95) (end 93.582 139.95) (width 0.75) (layer F.Cu) (net 2) (tstamp 5FB2AB71))
  (segment (start 93.582 139.95) (end 92.2 139.95) (width 0.75) (layer F.Cu) (net 2) (tstamp 5FB2AB75))
  (segment (start 122.792 139.95) (end 121.41 139.95) (width 0.75) (layer F.Cu) (net 2) (tstamp 5FB2ABFC))
  (segment (start 115.31 146.05) (end 114.61 146.05) (width 0.75) (layer F.Cu) (net 2) (tstamp 5FB2ABFD))
  (segment (start 121.41 139.95) (end 115.31 146.05) (width 0.75) (layer F.Cu) (net 2) (tstamp 5FB2AC00))
  (segment (start 114.67858 123.94438) (end 102.223581 123.94438) (width 0.75) (layer F.Cu) (net 2) (tstamp 5FB2AF90))
  (segment (start 121.47858 117.84438) (end 115.37858 123.94438) (width 0.75) (layer F.Cu) (net 2) (tstamp 5FB2B15E))
  (segment (start 115.37858 123.94438) (end 114.67858 123.94438) (width 0.75) (layer F.Cu) (net 2) (tstamp 5FB2B19D))
  (segment (start 122.674682 139.95) (end 122.792 139.95) (width 0.75) (layer F.Cu) (net 2) (tstamp 5FB2AC6F))
  (segment (start 122.743262 117.84438) (end 122.86058 117.84438) (width 0.75) (layer F.Cu) (net 2) (tstamp 5FB2B18B))
  (segment (start 122.86058 117.84438) (end 121.47858 117.84438) (width 0.75) (layer F.Cu) (net 2) (tstamp 5FB2AFA2))
  (segment (start 114.61 146.05) (end 102.155001 146.05) (width 0.75) (layer F.Cu) (net 2) (tstamp 5FB2ACE2))
  (segment (start 73.013581 121.40438) (end 86.45858 121.40438) (width 0.75) (layer F.Cu) (net 3) (tstamp 5FB2B14C))
  (segment (start 91.28858 116.57438) (end 93.65058 116.57438) (width 0.75) (layer F.Cu) (net 3) (tstamp 5FB2B17F))
  (segment (start 86.45858 121.40438) (end 91.28858 116.57438) (width 0.75) (layer F.Cu) (net 3) (tstamp 5FB2B17C))
  (segment (start 91.22 138.68) (end 93.582 138.68) (width 0.75) (layer F.Cu) (net 3) (tstamp 5FB2AB00))
  (segment (start 86.39 143.51) (end 91.22 138.68) (width 0.75) (layer F.Cu) (net 3) (tstamp 5FB2AB01))
  (segment (start 72.945001 143.51) (end 86.39 143.51) (width 0.75) (layer F.Cu) (net 3) (tstamp 5FB2AB0F))
  (segment (start 120.49858 116.57438) (end 122.86058 116.57438) (width 0.75) (layer F.Cu) (net 3) (tstamp 5FB2AF54))
